263
264
265
266
267
268
271
272
273
274
275
276
279
280
281
282
283
284
287
288
289
290
291
292
295
296
297
298
299
300
303
304
305
306
307
308
311
312
313
314
315
316
319
320
321
322
323
324
327
328
329
330
331
332
335
336
337
338
339
340
343
344
345
346
347
348
351
352
353
354
355
356
359
360
361
362
363
364
367
368
369
370
371
372
375
376
377
378
379
380
383
384
385
386
387
388
391
392
393
394
395
396
399
400
401
402
403
404
407
408
409
410
411
412
415
416
417
418
419
420
423
424
425
426
427
428
431
432
433
434
435
436
439
440
441
442
443
444
447
448
449
450
451
452
455
456
457
458
459
460
463
464
465
466
467
468
471
472
473
474
475
476
479
480
481
482
483
484
487
488
489
490
491
492
495
496
497
498
499
500
503
504
505
506
507
508
511
512
513
514
515
516
519
520
521
522
523
524
527
528
529
530
531
532
535
536
537
538
539
540
543
544
545
546
547
548
551
552
553
554
555
556
559
560
561
562
563
564
567
568
569
570
571
572
575
576
577
578
579
580
583
584
585
586
587
588
591
592
593
594
595
596
599
600
601
602
603
604
607
608
609
610
611
612
615
616
617
618
619
620
623
624
625
626
627
628
631
632
633
634
635
636
639
640
641
642
643
644
647
648
649
650
651
652
655
656
657
658
659
660
663
664
665
666
667
668
671
672
673
674
675
676
679
680
681
682
683
684
687
688
689
690
691
692
695
696
697
698
699
700
703
704
705
706
707
708
711
712
713
714
715
716
719
720
721
722
723
724
727
728
729
730
731
732
735
736
737
738
739
740
743
744
745
746
747
748
751
752
753
754
755
756
759
760
761
762
763
764
767
768
769
770
771
772
775
776
777
778
779
780
783
784
785
786
787
788
791
792
793
794
795
796
799
800
801
802
803
804
807
808
809
810
811
812
815
816
817
818
819
820
823
824
825
826
827
828
831
832
833
834
835
836
839
840
841
842
843
844
847
848
849
850
851
852
855
856
857
858
859
860
863
864
865
866
867
868
871
872
873
874
875
876
879
880
881
882
883
884
887
888
889
890
891
892
895
896
897
898
899
900
903
904
905
906
907
908
911
912
913
914
915
916
919
920
921
922
923
924
927
928
929
930
931
932
935
936
937
938
939
940
943
944
945
946
947
948
951
952
953
954
955
956
959
960
961
962
963
964
967
968
969
970
971
972
975
976
977
978
979
980
983
984
985
986
987
988
991
992
993
994
995
996
999
1000
1001
1002
1003
1004
1007
1008
1009
1010
1011
1012
1015
1016
1017
1018
1019
1020
1023
1024
1025
1026
1027
1028
1031
1032
1033
1034
1035
1036
1039
1040
1041
1042
1043
1044
1047
1048
1049
1050
1051
1052
1055
1056
1057
1058
1059
1060
1063
1064
1065
1066
1067
1068
1071
1072
1073
1074
1075
1076
1079
1080
1081
1082
1083
1084
1087
1088
1089
1090
1091
1092
1095
1096
1097
1098
1099
1100
1103
1104
1105
1106
1107
1108
1111
1112
1113
1114
1115
1116
1119
1120
1121
1122
1123
1124
1127
1128
1129
1130
1131
1132
1135
1136
1137
1138
1139
1140
1143
1144
1145
1146
1147
1148
1151
1152
1153
1154
1155
1156
1159
1160
1161
1162
1163
1164
1167
1168
1169
1170
1171
1172
1175
1176
1177
1178
1179
1180
1183
1184
1185
1186
1187
1188
1191
1192
1193
1194
1195
1196
1199
1200
1201
1202
1203
1204
1207
1208
1209
1210
1211
1212
1215
1216
1217
1218
1219
1220
1223
1224
1225
1226
1227
1228
1231
1232
1233
1234
1235
1236
1239
1240
1241
1242
1243
1244
1247
1248
1249
1250
1251
1252
1255
1256
1257
1258
1259
1260
1263
1264
1265
1266
1267
1268
1271
1272
1273
1274
1275
1276
