76
78
80
82
84
86
88
90
92
94
96
98
100
102
104
106
108
110
112
114
116
118
120
128
130
132
134
136
138
140
142
144
146
148
150
156
158
160
162
164
168
170
172
174
176
180
182
184
186
188
190
192
204
206
208
210
214
216
218
220
222
224
226
228
230
232
234
236
238
240
242
244
246
248
250
252
254
256
258
260
262
264
266
268
270
272
274
276
278
282
284
290
292
296
298
300
308
310
314
316
318
324
326
328
334
336
340
342
358
360
362
364
366
368
370
372
374
376
378
380
386
388
390
392
394
396
404
406
410
412
416
418
420
426
428
430
432
434
440
442
446
448
458
460
464
466
468
470
476
478
480
482
484
488
490
504
506
510
512
514
516
518
520
522
524
526
528
530
532
534
536
538
540
542
544
546
548
550
552
554
556
558
560
562
564
566
568
570
572
574
576
578
580
582
584
586
588
590
592
594
596
598
600
602
604
606
608
610
612
614
616
618
620
622
624
626
628
630
632
634
636
638
640
642
644
646
648
650
652
654
656
658
660
662
664
666
668
670
672
674
676
678
680
682
688
690
692
694
696
700
702
720
732
734
736
740
742
752
754
756
758
760
762
764
766
768
772
782
792
796
798
804
808
810
816
818
824
826
828
844
846
848
854
858
874
876
882
884
894
898
902
904
908
910
912
918
924
930
932
936
952
954
962
964
968
970
976
978
980
984
990
1002
1004
1006
1026
1028
1036
1038
1042
1046
1058
1060
1066
1068
1070
1072
1074
1076
1078
1096
1098
1100
1102
1110
1112
1114
1116
1118
1122
1124
1126
1128
1130
1132
1134
1136
1138
1140
1142
1144
1146
1148
1150
1152
1154
1156
1158
1160
1162
1164
1166
1168
1180
1182
1184
1186
1188
1190
1192
1194
1196
1198
1200
1202
1204
1206
1208
1210
1212
1214
1216
1218
1220
1222
1224
1226
1228
1230
1232
1234
1236
1238
1240
1242
1244
1246
1248
1250
1252
1254
1256
1258
1260
1262
1264
1266
1268
1270
1272
1274
1276
1278
1280
1282
1284
1286
1288
1290
1292
1294
1296
1298
1300
1302
1304
1306
1308
1312
1314
1316
1318
1320
1322
1324
1326
1328
1330
1332
1334
1336
1338
1340
1342
1344
1346
1348
1350
1352
1354
1356
1358
1360
1362
1364
1366
1368
1370
1372
1374
1376
1378
1380
1382
1384
1386
1388
1390
1392
1394
1396
1398
1400
1402
1404
1406
1408
1410
1414
1424
1430
1450
1452
1454
1456
1458
1460
1462
1464
1466
1468
1470
1474
1476
1478
1480
1482
1484
1486
1488
1490
1492
1494
1496
1498
1500
1502
1504
1506
1508
1510
1512
1514
1516
1518
1520
1522
1524
1526
1528
1530
1532
1534
1536
1538
1540
1542
1544
1546
1548
1550
1552
1554
1556
1558
1560
1562
1564
1566
1568
1570
1572
1574
1576
1578
1580
1582
1584
1586
1588
1590
1592
1594
1596
1598
1600
1602
1604
1606
1608
1610
1612
1614
1616
1618
1620
1622
1624
1626
1628
1630
1632
1634
1636
1638
1640
1642
1644
1646
1648
1650
1652
1654
1656
1658
1660
1662
1664
1666
1668
1670
1672
1674
1676
1678
1680
1682
1684
1686
1688
1690
1692
1694
1696
1698
1706
1708
1710
1712
1714
1716
1718
1720
1722
1724
1726
1728
1730
1732
1734
1736
1738
1740
1742
1744
1746
1748
1750
1752
1754
1756
1758
1760
1762
1764
1766
1768
1770
1772
1774
1776
1778
1780
1782
1784
1786
1788
1790
1792
1794
1796
1798
1800
1802
1804
1806
1808
1810
1812
1814
1816
1818
1820
1822
1824
1826
1828
1830
1832
1834
1836
1838
1840
1842
1844
1846
1848
1850
1852
1854
1856
1858
1860
1862
1864
1866
1868
1870
1872
1874
1876
1878
1880
1882
1884
1886
1888
1890
1892
1894
1896
1898
1900
1902
1904
1906
1908
1910
1912
1914
1916
1918
1920
1922
1924
1926
1928
1930
1932
1934
1936
1938
1940
1944
1946
1948
1950
1952
1954
1956
1958
1960
1962
1964
1966
1968
1970
1972
1974
1976
1978
1980
1982
1984
1986
1988
1990
1992
1994
1996
1998
2000
2002
2004
2006
2008
2010
2012
2014
2016
2018
2020
2022
2024
2026
2028
2030
2032
2034
2036
2038
2040
2042
2044
2046
2048
2050
2052
2054
2056
2058
2060
2062
2064
2066
2068
2070
2072
2074
2076
2078
2080
2082
2084
2086
2088
2090
2092
2094
2096
2098
2100
2102
2104
2106
2108
2110
2112
2114
2116
2118
2120
2122
2124
2126
2128
2130
2132
2134
2136
2138
2140
2142
2144
2146
2148
2150
2152
2154
2156
2158
2160
2162
2164
2166
2168
2170
2172
2174
2176
2178
2180
2196
2198
2200
2202
2204
2206
2208
2210
2212
2214
2216
2218
2220
2222
2224
2226
2228
2230
2232
2234
2236
2238
2240
2242
2244
2246
2248
2250
2252
2254
2256
2258
2260
2262
2264
2266
2268
2270
2272
2274
2276
2278
2280
2282
2284
2286
2288
2290
2292
2294
2296
2298
2300
2302
2304
2306
2308
2310
2312
2314
2316
2318
2320
2322
2324
2326
2328
2330
2332
2334
2336
2338
2340
2342
2344
2346
2348
2350
2352
2354
2356
2358
2360
2362
2364
2366
2368
2370
2372
2374
2376
2378
2384
2386
2388
2390
2392
2394
2396
2398
2400
2402
2404
2406
2408
2410
2412
2414
2416
2418
2420
2422
2424
2426
2428
2430
2432
2434
2436
2438
2440
2442
2444
2446
2448
2450
2452
2454
2456
2458
2460
2462
2464
2466
2468
2470
2472
2474
2476
2478
2482
2484
2486
2488
2490
2492
2494
2496
2498
2500
2502
2504
2506
2508
2510
2512
2514
2516
2518
2520
2522
2524
2526
2528
2530
2532
2534
2536
2538
2540
2542
2544
2546
2548
2550
2552
2554
2556
2558
2560
2562
2564
2566
2582
2584
2586
2588
2590
2592
2594
2596
2602
2604
2606
2608
2610
2612
2614
2616
2618
2620
2622
2624
2626
2628
2630
2632
2634
2636
2638
2640
2642
2644
2646
2648
2650
2652
2654
2656
2658
2660
2662
2664
2666
2668
2670
2672
2674
2676
2678
2680
2682
2684
2686
2688
2690
2692
2694
2696
2698
2700
2702
2704
2706
2708
2710
2712
2714
2716
2718
2720
2722
2724
2726
2728
2730
2732
2734
2736
2738
2740
2742
2744
2746
2748
2750
2752
2754
2756
2758
2760
2762
2764
2766
2780
2782
2784
2786
2788
2790
2792
2794
2796
2800
2802
2804
2806
2808
2810
2812
2814
2816
2818
2820
2822
2824
2826
2828
2830
2832
2834
2836
2838
2840
2842
2844
2846
2848
2850
2852
2854
2856
2858
2860
2862
2868
2870
2872
2874
2876
2878
2880
2882
2884
2886
2888
2890
2892
2894
2896
2898
2900
2902
2904
2906
2908
2910
2912
2914
2916
2918
2920
2922
2924
2926
2928
2930
2932
2934
2936
2938
2940
2942
2944
2946
2948
2950
2952
2954
2956
2958
2960
2962
2964
2966
2968
2970
2972
2974
2976
2978
2980
2982
2984
2986
2988
2990
2992
2994
2996
2998
3000
3002
3004
3006
3008
3010
3012
3014
3016
3018
3042
3044
3046
3050
3052
3054
3056
3058
3060
3062
3064
3066
3068
3070
3072
3074
3076
3078
3080
3082
3084
3086
3088
3090
3092
3094
3096
3098
3100
3102
3104
3106
3108
3110
3112
3114
3116
3118
3120
3122
3124
3126
3128
3130
3132
3134
3136
3138
3140
3142
3144
3146
3148
3226
3568
3570
3572
3574
3576
3578
3580
3582
3584
3586
3588
3590
3624
3626
3628
3630
3632
3634
3636
3638
3640
3642
3644
3656
3658
3660
3662
3664
3666
3668
3670
3672
3674
3680
3682
3684
3686
3688
3690
3692
3694
3696
3698
3702
3710
3714
3720
4312
4318
4472
4480
4486
4488
4800
4806
4812
4814
4816
5946
5950
5954
5958
5960
5964
5966
5968
5974
6112
6114
6116
6386
6390
6524
6596
6598
6600
6602
6604
6956
6958
6960
6998
7002
7010
7012
7088
7094
7098
7100
7318
7330
7332
7334
8062
8066
8070
8180
8184
8186
8214
8216
8218
8220
8222
8224
8226
8280
8282
8284
8286
8288
8290
8292
8294
8296
8298
8300
8302
8406
8408
8410
8412
8414
8416
8418
8420
8674
8828
8836
8860
8862
8962
8964
8966
8968
8970
8972
8974
8976
9106
9108
9110
10950
11468
11470
11472
11474
11476
11478
11480
11482
11484
11486
11488
11490
11492
11494
11496
11498
11500
11502
11504
11506
11508
11510
11512
11514
11516
11518
11520
11522
11524
11526
11528
11530
11532
11534
11536
11538
11540
11542
11544
11546
11548
11550
11552
11554
11556
11558
11560
11562
11566
11568
11570
11572
11574
11576
11578
11582
11584
11586
11588
11590
11592
11594
11596
11598
11600
11604
11606
11608
11610
11612
11614
11616
11618
11620
11622
11634
11636
11638
11640
11642
11644
11646
11648
11650
11652
11654
11656
11664
11666
11668
11670
11672
11674
11680
11682
11684
11686
11688
11690
11692
11694
11696
11698
11700
11702
11704
11706
11708
11710
11712
11714
11716
11718
11720
11722
11724
11726
11728
11730
11732
11734
11736
11738
11740
11742
11744
11746
11748
11750
11752
11754
11756
11758
11760
11762
11764
11766
11768
11770
11772
11774
11776
11778
11780
11782
11784
11786
11790
11792
11794
11796
11798
11800
11802
11806
11808
11810
11812
11814
11816
11820
11822
11824
11826
11828
11830
11832
11834
11836
11838
11840
11842
11844
11846
11848
11850
11852
11870
11872
11874
11876
11878
11880
11882
11884
11886
11888
11890
11892
11894
11910
11912
11914
11916
11918
11920
11922
11924
11926
11928
11930
11932
11934
11936
11938
11940
11942
11944
11948
11950
11952
11954
11956
11958
11962
11964
11966
11968
11970
11972
11974
11976
11978
11980
11982
11984
11986
11988
11990
11992
11994
11996
11998
12000
12002
12004
12006
12008
12010
12012
12014
12016
12018
12020
12022
12024
12026
12028
12030
12080
12082
12084
12086
12088
12102
12116
12118
12120
12122
12124
12126
12128
12130
12132
12134
12136
12138
12140
12142
12144
12146
12148
12150
12152
12154
12156
12158
12160
12168
12170
12172
12174
12176
12178
12180
12182
12184
12186
12188
12190
12192
12194
12196
12198
12200
12202
12204
12206
12208
12210
12214
12216
12218
12220
12222
12224
12228
12230
12232
12234
12236
12238
12240
12242
12244
12248
12250
12252
12254
12256
12258
12260
12262
12264
12266
12268
12270
12272
12274
12276
12278
12280
12282
12284
12286
12288
12290
12292
12294
12296
12298
12300
12302
12304
12306
12308
12310
12312
12314
12316
12318
12320
12322
12324
12326
12328
12332
12334
12336
12338
12340
12342
12344
12348
12350
12352
12354
12356
12358
12362
12364
12366
12368
12370
12372
12374
12376
12378
12380
12382
12384
12386
12392
12394
12410
12412
12414
12416
12418
12420
12422
12424
12426
12428
12430
12432
12444
12446
12448
12450
12452
12454
12456
12458
12460
12462
12464
12466
12468
12470
12472
12474
12476
12488
12494
12496
12498
12500
12502
12504
12506
12508
12510
12512
12514
12516
12518
12522
12524
12526
12528
12530
12532
12534
12536
12538
12540
12542
12544
12546
12548
12550
12552
12554
12556
12558
12560
12562
12564
12566
12568
12570
12572
12574
12576
12578
12580
12582
12584
12586
12588
12590
12592
12594
12598
12600
12602
12604
12606
12608
12610
12612
12614
12616
12618
12620
12622
12624
12626
12640
12644
12646
12648
12650
12652
12654
12656
12658
12660
12662
12664
12666
12668
12670
12672
12674
12676
12678
12680
12682
12684
12696
12698
12700
12702
12704
12706
12708
12710
12712
12716
12718
12720
12722
12724
12726
12728
12732
12734
12736
12738
12740
12742
12744
12746
12748
12750
12754
12756
12758
12760
12762
12764
12766
12768
12770
12772
12784
12786
12788
12790
12792
12794
12796
12810
12818
12820
12822
12824
12826
12828
12830
12832
12834
12836
12838
12840
12842
12844
12846
12848
12850
12852
12854
12876
12878
12880
12882
12884
12886
12888
12890
12892
12894
12896
12898
12900
12902
12904
12906
12908
12910
12912
12914
12916
12918
12920
12922
12924
12926
12928
12930
12932
12934
12936
12942
12944
12946
12948
12950
12952
12956
12958
12960
12962
12964
12966
12968
12970
12972
12974
12976
12978
12980
12982
12984
12986
12988
12990
12992
12994
12996
12998
13000
13002
13004
13006
13008
13012
13014
13016
13018
13026
13028
13032
13034
13036
13038
13040
13042
13044
13046
13048
13050
13052
13054
13056
13068
13070
13072
13074
13076
13078
13080
13082
13084
13086
13108
13110
13112
13114
13116
13118
13120
13122
13124
13126
13128
13130
13132
13140
13142
13144
13146
13148
13150
13152
13154
13156
13158
13160
13162
13164
13166
13168
13170
13172
13174
13176
13178
13180
13182
13184
13186
13188
13190
13192
13194
13196
13198
13200
13202
13204
13206
13208
13210
13214
13216
13218
13220
13224
13226
13228
13230
13232
13234
13236
13238
13240
13242
13254
13258
13260
13262
13264
13266
13268
13270
13272
13274
13276
13278
13280
13282
13304
13306
13308
13310
13312
13314
13338
13342
13344
13346
13348
13350
13352
13354
13356
13358
13360
13362
13364
13386
13388
13390
13392
13394
13396
13398
13400
13440
13442
13444
13446
13448
13450
13452
13454
13456
13458
13460
13462
13464
13486
13488
13490
13492
13494
13496
13498
13500
13502
13504
13506
13508
13530
13532
13534
13536
13538
13540
13542
13544
13546
13548
13550
13564
13570
13572
13574
13576
13578
13580
13586
13588
13590
13592
13594
13612
13614
13616
13618
13620
13622
13626
13628
13630
13632
13636
13638
13640
13644
13646
13650
13652
13654
13656
13672
13674
13676
13678
13680
13682
13684
13686
13688
13690
13692
13694
13696
13698
13700
13702
13704
13706
13708
13710
13716
13720
13722
13724
13726
13728
13730
13732
13734
13736
13738
13740
13742
13744
13746
13748
13752
13754
13756
13758
13762
13764
13766
13768
13770
13772
13774
13776
13778
13780
13782
13784
13786
13788
13792
13794
13796
13798
13800
13802
13804
13806
13808
13810
13812
13814
13816
13818
13820
13822
13824
13836
13838
13840
13842
13844
13846
13848
13850
13878
13880
13882
13884
13886
13888
13890
13892
13894
13896
13898
13900
13902
13904
13906
13908
13910
13912
13914
13936
13938
13940
13942
13944
13946
13948
13950
13952
13954
13956
13968
13970
13972
13974
13976
13978
13980
13982
13984
13986
13988
13990
13992
13994
13996
13998
14000
14002
14046
14048
14050
14052
14054
14056
14058
14060
14068
14070
14072
14074
14076
14098
14100
14102
14104
14106
14108
14110
14112
14114
14116
14118
14120
14122
14124
14126
14128
14130
14132
14134
14136
14138
14140
14142
14146
14148
14152
14154
14156
14160
14162
14164
14166
14168
14170
14172
14174
14176
14178
14180
14182
14184
14186
14188
14192
14194
14196
14198
14200
14202
14204
14208
14210
14212
14214
14216
14218
14220
14222
14224
14226
14230
14232
14234
14236
14238
14240
14242
14244
14246
14248
14260
14262
14264
14266
14268
14270
14272
14286
14294
14296
14298
14300
14302
14304
14306
14308
14310
14312
14314
14316
14318
14330
14332
14334
14336
14354
14356
14358
14360
14362
14364
14366
14368
14370
14372
14374
14376
14378
14380
14382
14384
14406
14408
14412
14414
14416
14418
14420
14422
14424
14426
14428
14430
14432
14434
14436
14438
14440
14442
14444
14446
14448
14450
14452
14454
14456
14458
14460
14462
14464
14466
14468
14470
14472
14474
14476
14478
14480
14482
14484
14486
14488
14490
14492
14494
14496
14498
14504
14506
14508
14510
14512
14514
14518
14520
14522
14524
14526
14528
14530
14532
14534
14536
14538
14540
14542
14544
14546
14548
14550
14552
14554
14556
14558
14560
14562
14564
14566
14568
14570
14572
14574
14576
14578
14580
14588
14590
14592
14594
14596
14598
14600
14602
14604
14606
14608
14610
14612
14614
14616
14618
14630
14632
14634
14636
14638
14640
14642
14644
14646
14648
14650
14652
14654
14656
14658
14660
14662
14664
14716
14718
14720
14722
14724
14726
14728
14730
14752
14754
14756
14758
14760
14762
14764
14766
14768
14770
14772
14774
14776
14778
14780
14782
14794
14796
14798
14800
14802
14804
14806
14808
14810
14812
14814
14816
14818
14820
14822
14824
14826
14828
14830
14832
14860
14862
14864
14866
14868
14870
14872
14874
14876
14878
14880
14882
14884
14886
14888
14890
14892
14894
14896
14898
14900
14902
14904
14906
14908
14910
14912
14914
14916
14918
14922
14924
14926
14928
14932
14934
14936
14938
14940
14942
14944
14946
14948
14950
14962
14966
14968
14970
14972
14974
14976
14978
14980
14982
14984
14986
14988
14990
14992
14994
14996
14998
15000
15002
15004
15006
15008
15010
15012
15014
15016
15018
15020
15022
15024
15026
15028
15030
15032
15034
15036
15038
15060
15062
15064
15086
15088
15090
15092
15094
15096
15098
15100
15102
15104
15106
15108
15110
15112
15114
15116
15118
15120
15122
15124
15126
15128
15130
15132
15134
15136
15138
15140
15142
15144
15146
15148
15170
15172
15174
15176
15178
15180
15182
15184
15188
15190
15192
15194
15196
15198
15200
15202
15204
15206
15208
15210
15212
15214
15216
15218
15220
15224
15226
15228
15230
15232
15234
15236
15238
15240
15242
15254
15256
15258
15260
15262
15264
15266
15280
15288
15290
15292
15294
15296
15298
15300
15302
15304
15306
15320
15322
15324
15326
15328
15330
15332
15334
15338
15340
15342
15344
15346
15348
15360
15362
15364
15366
15368
15370
15372
15374
15376
15378
15380
15382
15384
15386
15388
15390
15392
15394
15396
15418
15420
15422
15424
15426
15428
15430
15432
15436
15438
15444
15446
15448
15450
15452
15454
15476
15478
15480
15482
15484
15486
15488
15490
15492
15494
15496
15498
15500
15502
15504
15506
15508
15510
15512
15514
15516
15518
15520
15522
15524
15526
15528
15530
15532
15534
15536
15538
15540
15542
15544
15546
15548
15550
15552
15554
15558
15560
15562
15564
15566
15568
15572
15574
15576
15578
15580
15582
15584
15586
15588
15590
15592
15594
15596
15598
15600
15602
15604
15606
15608
15610
15612
15614
15616
15618
15620
15622
15624
15626
15628
15636
15638
15640
15642
15644
15646
15648
15650
15652
15654
15656
15658
15660
15662
15664
15666
15668
15670
15672
15684
15686
15688
15690
15692
15694
15696
15698
15700
15702
15704
15706
15708
15710
15712
15714
15716
15718
15770
15772
15774
15776
15778
15780
15782
15784
15786
15788
15810
15812
15814
15816
15818
15820
15822
15824
15826
15828
15830
15832
15834
15836
15838
15840
15844
15846
15848
15850
15852
15854
15856
15858
15860
15862
15864
15866
15868
15870
15872
15874
15876
15878
15880
15882
15884
15886
15888
15890
15892
15894
15896
15898
15900
15902
15904
15906
15908
15910
15912
15918
15920
15922
15924
15926
15928
15930
15932
15934
15936
15938
15940
15942
15944
15946
15948
15950
15952
15954
15956
15958
15960
15962
15964
15966
15970
15972
15974
15976
15980
15982
15984
15986
15988
15990
15992
15994
15996
15998
16010
16014
16016
16018
16020
16022
16024
16026
16028
16030
16032
16034
16036
16038
16040
16042
16044
16046
16048
16050
16072
16074
16076
16078
16080
16082
16084
16086
16088
16090
16092
16094
16096
16150
16152
16154
16156
16158
16160
16214
16216
16218
16220
16222
16224
16226
16228
16230
16232
16234
16238
16244
16246
16248
16250
16252
16254
16256
16258
16260
16262
16264
16266
16268
16270
16272
16274
16276
16278
16280
16284
16310
16312
16314
16316
16358
16360
16362
16364
16376
16378
16380
16382
16384
16386
16388
16390
16392
16394
16396
16398
16400
16422
16424
16426
16434
16448
16450
16454
16456
16458
16460
16462
16464
16466
16468
16470
16472
16474
16476
16498
16500
16502
16504
16506
16508
16530
16532
16534
16536
16538
16540
16542
16544
16546
16548
16550
16572
16574
16576
16596
16598
16600
16626
16628
16630
16632
16634
16636
16638
16640
16642
16644
16646
16648
16650
16652
16654
16656
16658
16660
16682
16684
16686
16688
16690
16692
16714
16716
16720
16742
16744
16746
16748
16750
16752
16774
16776
16784
16786
16808
16810
16812
16814
16836
16838
16840
16842
16844
16846
16848
16850
16852
16854
16856
16858
16860
16862
16864
16866
16868
16870
16872
16874
16876
16878
16880
16882
16884
16906
16908
16910
16912
16914
16916
16918
16920
16922
16944
16946
16948
16950
16952
16954
16976
16978
16980
16982
17008
17010
17012
17014
17016
17018
17020
17022
17024
17026
17028
17030
17032
17034
17066
17068
17070
17072
17074
17076
17088
17090
17092
17094
17096
17098
17100
17102
17104
17106
17108
17110
17112
17114
17116
17118
17120
17122
17124
17126
17128
17150
17152
17154
17156
17158
17164
17166
17168
17170
17172
17174
17176
17178
17180
17182
17184
17186
17188
17190
17192
17194
17196
17198
17200
17202
17206
17208
17210
17212
17220
17222
17224
17226
17228
17230
17232
17234
17236
17250
17252
17254
17256
17260
17262
17264
17266
17268
17270
17272
17274
17276
17278
17280
17282
17284
17288
17290
17292
17294
17296
17302
17304
17306
17308
17310
17312
17322
17324
17326
17330
17332
17334
17336
17338
17340
17352
17358
17360
17362
17364
17366
17368
17370
17372
17374
17376
17378
17380
17382
17384
17392
17394
17396
17398
17400
17402
17404
17406
17428
17430
17432
17434
17436
17440
17442
17444
17446
17468
17470
17472
17474
17476
17478
17480
17482
17484
17486
17488
17490
17492
17494
17496
17498
17500
17502
17504
17506
17508
17510
17512
17514
17516
17518
17520
17522
17524
17526
17528
17530
17538
17540
17544
17546
17568
17570
17572
17574
17578
17580
17582
17604
17606
17608
17610
17612
17614
17616
17618
17620
17622
17644
17646
17648
17650
17652
17654
17656
17658
17660
17662
17664
17674
17676
17678
17700
17702
17704
17706
17708
17710
17712
17714
17716
17718
17720
17722
17724
17726
17728
17730
17732
17734
17736
17738
17740
17742
17744
17746
17748
17750
17752
17754
17756
17758
17760
17762
17764
17786
17788
17790
17792
17794
17796
17798
17800
17806
17808
17812
17814
17816
17818
17820
17822
17824
17846
17848
17850
17852
17854
17856
17858
17860
17862
17870
17872
17874
17876
17900
17902
17912
17914
17936
17938
17940
17942
17944
17946
17950
17952
17954
17978
17980
17986
17998
18308
18310
18312
18366
18368
18370
18372
18374
18376
18378
18380
18382
18384
18386
18388
18390
18392
18394
18396
18398
18400
18402
18424
18426
18428
18484
18486
18488
18510
18530
18532
18560
18562
18564
18566
18568
18570
18572
18574
18576
18580
18584
18588
18592
18594
18598
18600
18602
18604
18606
18718
18720
18722
18726
18728
18730
18732
18736
18738
18740
18742
18744
18746
18756
18758
18760
18762
18764
18766
18768
18772
18774
18776
18778
18780
18802
18804
18806
18808
18810
18812
18834
18836
18838
18840
18842
18844
18846
18848
18850
18852
18854
18856
18858
18860
18862
18864
18868
18870
18872
18874
18876
18878
18880
18882
18892
18894
18896
18898
18900
18902
18904
18906
18928
18930
18932
18934
18936
18938
18940
18942
18944
18946
18948
18950
18952
18976
18978
18980
18982
18984
18986
19012
19014
19016
19018
19020
19022
19024
19026
19028
19030
19032
19034
19056
19058
19066
19068
19070
19072
19074
19100
19102
19106
19108
19112
19114
19116
19118
19188
19190
19194
19208
19210
19212
19214
19216
19218
19232
19236
19238
19244
19248
19250
19252
19254
19256
19258
19262
19264
19266
19268
19270
19272
19274
19276
19278
19280
19288
19290
19292
19294
19296
19298
19320
19322
19324
19326
19328
19330
19358
19360
19362
19366
19368
19400
19402
19404
19454
19474
19476
19482
19484
19486
19490
19492
19496
19498
19500
19502
19504
19526
19530
19532
19534
19536
19538
19542
19614
19624
19626
19628
19658
19660
19662
19664
19670
19672
19674
19682
19684
19688
19690
19692
19694
19696
19698
19700
19702
19704
19706
19708
19710
19734
20128
20130
20132
20134
20138
20140
20150
20152
20154
20176
20182
20194
20610
20612
20614
20616
20618
20622
20624
20626
20648
20650
20652
20654
20656
20658
20660
20662
20664
20666
20668
20670
20672
20674
20676
20678
20680
20682
20686
20688
20690
20692
20700
20702
20704
20720
20722
21158
21160
21162
21164
21168
21170
21192
21194
21196
21198
21200
21204
21206
21210
21212
21214
21228
21640
21642
21644
21646
21648
21664
21710
21712
22048
22050
22052
22054
22056
22058
22060
22062
22064
22084
22086
22088
22090
22092
22094
22096
22098
22106
22108
22110
22112
22114
22116
22118
22450
22452
22454
22772
22774
22776
22778
22780
23476
23734
23736
23738
23740
23742
23744
23754
23756
23758
23760
27940
27942
27944
27946
27948
27950
27952
27954
27956
27958
27960
27962
27964
27966
27968
27970
27972
27974
27976
27978
27980
27982
27984
27990
28004
28006
28008
28010
28012
28014
28030
28032
28034
28038
28040
28044
28046
28048
28054
28058
28060
28062
28066
28068
28070
28072
28074
28076
28078
28080
28082
28084
28088
28090
28092
28094
28096
28098
28100
28102
28104
28108
28110
28112
28114
28116
28118
28120
28122
28124
28126
28128
28130
28134
28136
28138
28140
28142
28144
28146
28148
28150
28152
28154
28156
28164
28166
28168
28170
28172
28174
28176
28178
28182
28184
28186
28188
28190
28192
28194
28196
28202
28204
28214
28216
28218
28220
28222
28230
28232
28238
28240
28242
28246
28248
28252
28254
28256
28258
28260
28264
28266
28314
28316
28318
28320
28322
28324
28326
28328
28338
28340
28342
28344
28346
28348
28356
28358
28360
28362
28366
28368
28370
28372
28374
28376
28378
28380
28390
28714
28716
28718
28720
28724
28726
28728
28732
28734
28742
28748
28750
28752
28802
28806
28814
28816
28818
28820
28822
28824
28838
28840
28842
28844
28846
28848
28856
28860
28862
28864
28866
28874
28970
28972
28974
28990
28992
29002
29004
29006
29018
29020
29022
29024
29026
29028
29030
29032
29034
29036
29038
29040
29154
29156
29158
29160
29162
29174
29176
29178
29180
29184
29186
29270
29272
29274
29276
29278
29280
29282
29284
29286
29290
29292
29304
29306
29308
29310
29312
29314
29316
29318
29320
29346
29352
29440
29442
29444
29446
29448
29474
29486
29488
29490
29518
29520
29522
29524
29526
29528
29530
29532
29560
29596
29598
29600
29602
29604
29606
29608
29610
29614
29618
29620
29622
29624
29626
29628
29632
29640
29642
29646
29648
29650
29652
29654
29656
29658
29660
29662
29664
29666
29668
29670
29672
29674
29676
29678
29682
29684
29686
29688
29690
29692
29696
29698
29706
29708
29710
29712
29714
29716
29718
29742
29744
29746
29748
29750
29752
29754
29756
29758
29760
29762
29764
29766
29768
29772
29776
29778
29780
29782
29784
29786
29788
29790
29820
29822
29824
29826
29828
29830
29832
29834
29836
29838
29840
29842
29846
29848
29874
29878
29896
29898
29902
29904
29906
29910
29912
29914
29916
29918
29920
29922
29924
29926
29928
29930
29936
29938
29940
29942
29948
29950
29952
29954
29956
29962
29964
29966
29968
29970
29972
29976
29978
29982
29984
29986
29988
29990
29992
29994
29996
29998
30000
30002
30004
30006
30008
30010
30012
30014
30016
30018
30022
30024
30026
30028
30030
30032
30034
30036
30038
30040
30042
30044
30046
30048
30052
30056
30058
30060
30062
30064
30156
30158
30160
30162
30164
30166
30168
30170
30172
30174
30176
30178
30180
30182
30184
30186
30192
30194
30196
30198
30200
30202
30204
30206
30208
30210
30212
30214
30216
30218
30220
30222
30224
30226
30230
30232
30238
30240
30242
30244
30246
30248
30250
30252
30254
30264
30266
30268
30270
30272
30274
30278
30280
30286
30288
30322
30328
30330
30332
30334
30336
30340
30402
30404
30406
30408
30410
30412
30414
30416
30426
30428
30430
30432
30450
30452
30454
30640
30642
30644
30646
30648
30650
30652
30654
30656
30664
30668
30670
30672
30674
30676
30678
30682
30684
30770
30772
30774
30776
30778
30780
30782
30784
30786
30788
30796
30798
30824
30826
30828
30830
30832
30834
30838
30840
30842
30846
30882
30886
30888
30894
30912
30914
30916
30918
30920
30922
30924
30946
30948
30950
30956
30958
30960
30962
30964
30966
30968
30970
30974
30976
30980
30982
30984
30986
30988
30990
30992
30994
30996
30998
31000
31002
31004
31006
31008
31010
31012
31014
31016
31018
31020
31022
31024
31026
31028
31030
31032
31036
31038
31040
31042
31044
31046
31048
31050
31052
31054
31056
31058
31060
31062
31066
31068
31072
31074
31076
31078
31102
31104
31106
31108
31110
31112
31186
31188
31192
31194
31196
31198
31200
31202
31204
31208
31210
31212
31214
31216
31218
31220
31222
31224
31226
31228
31230
31232
31234
31236
31238
31240
31242
31248
31250
31252
31256
31258
31260
31262
31266
31268
31270
31272
31274
31276
31278
31280
31282
31284
31286
31288
31292
31294
31296
31298
31300
31302
31304
31306
31308
31310
31312
31314
31316
31318
31320
31322
31324
31326
31328
31330
31338
31340
31342
31356
31366
31368
31370
31372
31374
31376
31378
31380
31382
31384
31452
31460
31462
31464
31466
31478
31486
31488
31490
31492
31494
31496
31498
31500
31502
31504
31506
31508
31510
31512
31514
31536
31538
31540
31542
31544
31610
31612
31614
31616
31618
31620
31622
31624
31662
31664
31666
31668
31670
31672
31674
31676
31678
31680
31682
31684
31686
31700
31702
31704
31708
31718
31720
31722
31724
31726
31730
31736
31738
31746
31854
31856
31858
31884
31886
31888
31890
31892
31896
31898
31900
31902
31904
31906
31908
31910
31912
31974
31976
31978
31982
31984
31986
31988
31992
32128
32130
32132
32166
32168
32170
32172
32174
32176
32178
32180
32194
32274
32276
32278
32280
32282
32284
32308
32310
32314
32316
32368
32370
32372
32374
32376
32378
32380
32382
32384
32412
32414
32416
32418
32420
32426
32428
32430
32434
32436
32438
32440
32444
32446
32448
32450
32452
32454
32456
32458
32460
32462
32464
32468
32486
32488
32490
32492
32494
32496
32498
32520
32522
32524
32528
32532
32534
32536
32538
32540
32542
32544
32546
32548
32550
32552
32556
32558
32560
32562
32564
32566
32568
32572
32574
32576
32578
32580
32582
32584
32586
32588
32590
32592
32594
32596
32598
32600
32602
32604
32606
32610
32612
32614
32616
32618
32620
32622
32624
32626
32628
32630
32632
32634
32636
32638
32640
32642
32644
32646
32648
32652
32656
32658
32660
32662
32664
32688
32690
32692
32694
32696
32698
32722
32724
32728
32730
32732
32734
32794
32796
32798
32800
32802
32804
32806
32808
32810
32812
32814
32816
32818
32820
32822
32824
32826
32828
32830
32832
32834
32836
32838
32854
32864
32866
32868
32870
32872
32874
32876
32878
32880
32882
32884
32886
32908
32910
32912
32914
32916
32918
32920
32922
32924
32926
32936
32940
32942
32944
32946
32948
32950
32952
32954
32956
32958
32960
32962
32984
32986
32988
32990
33012
33014
33016
33018
33020
33022
33024
33026
33028
33030
33032
33034
33036
33038
33040
33042
33044
33046
33048
33050
33052
33076
33078
33080
33082
33084
33086
33088
33090
33092
33094
33096
33098
33100
33104
33106
33108
33110
33112
33114
33146
33148
33150
33152
33154
33156
33158
33168
33184
33192
33234
33478
33510
33512
33514
33516
33518
33520
33522
33524
33526
33528
33552
33554
33556
33558
33560
33562
33584
33586
33590
33596
33598
33620
33622
33624
33626
33628
33630
33632
33684
33688
33690
33714
33716
33718
33720
33722
33724
33738
33748
33750
33752
33754
33756
33758
33760
33762
33764
33766
33768
33770
33772
33774
33776
33778
33780
33782
33784
33786
33826
33828
33830
33834
33836
33838
33840
33844
33846
33848
33850
33852
33854
33856
33858
33882
33884
33886
33896
33898
33900
33968
33972
33974
33976
33978
33984
33990
33992
33994
33996
33998
34000
34002
34004
34014
34016
34020
34022
34024
34026
34050
34052
34054
34056
34058
34060
34156
34158
34160
34162
34164
34166
34168
34170
34172
34174
34176
34178
34180
34182
34186
34204
34206
34208
34210
34212
34214
34216
34218
34220
34224
34226
34228
34230
34232
34234
34236
34238
34240
34242
34244
34246
34248
34250
34252
34264
34266
34268
34270
34272
34274
34276
34282
34284
34286
34288
34298
34332
34342
34344
34366
34368
34370
34372
34374
34376
34378
34380
34382
34384
34386
34388
34402
34404
34406
34408
34410
34412
34414
34416
34418
34420
34422
34424
34426
34428
34430
34436
34442
34444
34448
34450
34452
34454
34476
34478
34480
34482
34484
34486
34488
34490
34492
34494
34496
34498
34500
34532
34534
34536
34538
34540
34542
34544
34546
34548
34552
34554
34556
34558
34560
34562
34564
34566
34568
34570
34572
34574
34576
34580
34582
34584
34586
34588
34590
34592
34594
34596
34646
34654
34658
34660
34688
34698
34704
34714
34736
34738
34740
34910
34912
34914
34916
34918
34920
34976
34978
34980
34982
34984
34986
34988
34990
34992
34994
34996
34998
35032
35062
35064
35088
35090
35092
35094
35096
35098
35100
35102
35106
35110
35112
35114
35116
35118
35140
35142
35144
35146
35148
35150
35152
35154
35156
35158
35160
35182
35184
35186
35188
35190
35212
35214
35866
35868
35870
35896
35958
35976
35980
35982
35984
35986
35988
35994
35996
35998
36000
36002
36004
36026
36028
36030
36032
36034
36036
36038
36064
36070
36072
36074
36076
36080
36082
36084
36086
36088
36090
36092
36094
36096
36098
36100
36126
36128
36130
36132
36134
36136
36138
36140
36142
36144
36152
36154
36156
36158
36160
36162
36164
36166
36188
36190
36192
36194
36196
36198
36200
36202
36204
36206
36208
36210
36212
36214
36216
36244
36250
36252
36254
36256
36258
36260
36262
36264
36266
36268
36270
36272
36274
36276
36278
36280
36282
36284
36286
36288
36290
36292
36294
36302
36304
36306
36308
36310
36312
36334
36336
36338
36340
36342
36344
36346
36348
36370
36372
36412
36422
36424
36994
36996
36998
37000
37002
37004
37006
37032
37034
37036
37058
37060
37062
37064
37066
37068
37070
37092
37094
37096
37098
37100
37122
37124
37128
37130
37132
37134
37156
37158
37162
37166
37168
37170
37172
37174
37176
37178
37180
37182
37184
37196
37198
37200
38052
38054
38056
38058
38080
38082
38084
38086
38088
38090
38128
38130
38140
38142
38144
38146
38152
38200
38222
38224
38226
38228
38230
38232
38234
38236
38238
38250
38252
38254
38256
38258
38260
38262
38264
38266
38268
38270
38292
38294
38296
38298
38300
38302
38304
38306
38308
38310
38312
38314
38316
38338
38340
38342
38344
38346
38350
38352
38374
38376
38378
38380
38382
38384
38386
38388
38390
38392
38394
38396
38398
38400
38402
38404
38406
38408
38410
38412
38434
38436
38440
38442
38444
38446
38450
38456
38484
38486
38488
38490
38492
38494
38496
38498
38512
38514
38516
38518
38520
38522
38524
38526
38528
38530
38532
38534
38536
38538
38540
38542
38574
38576
38578
38612
38640
38642
38644
38646
38648
38670
38672
38674
38676
38678
38680
38682
38690
38692
38694
38696
38698
38700
38702
38704
38726
38728
38730
38732
38734
38812
38814
38816
38818
39820
39822
39824
39826
39828
39830
39832
39834
39836
39860
39862
39870
39872
39874
39876
39878
39880
39882
39886
39888
39890
39912
39914
39916
39918
39920
39922
39924
39926
39932
39934
39938
39940
39942
39944
39946
39968
39970
39972
39974
39976
39978
39980
39988
39990
39992
39994
39996
39998
40000
40002
40004
40006
40008
40010
40012
40014
40016
40024
40026
40028
40030
40032
40034
40056
40058
40060
40062
40064
40066
40068
40070
40092
40094
40096
40098
40100
40102
40106
40108
40110
40112
40114
40116
40124
40126
40128
40130
40132
40134
40136
40158
40160
40162
40164
40166
40168
40170
40172
40174
40176
40178
40180
40182
40184
40186
40188
40190
40192
40214
40216
40218
40220
40222
40224
40226
40228
40236
40238
40240
40242
40244
40246
40248
40250
40252
40254
40646
40648
40650
40652
40678
40680
40682
40684
40686
40688
40690
40692
40694
40716
40718
40720
40722
40724
40726
40728
40730
40732
40734
40758
40762
40764
40766
40768
40770
40772
40774
40776
40778
40780
40782
40784
40786
40788
40790
40792
40814
40816
40840
40844
40846
40848
40852
40856
40858
40860
40862
40864
40866
40888
40890
40892
40894
40896
40898
40900
40902
40904
40906
40908
42110
42112
42114
42116
42118
42120
42122
42124
42132
42134
42136
42138
42140
42142
42144
42146
42168
42170
42172
42174
42176
42178
42180
42182
42210
42212
42214
42216
42218
42220
42222
42224
42234
42238
42240
42242
42244
42246
42248
42250
42252
42254
42256
42278
42280
42282
42284
42286
42288
42290
42298
42300
42302
42304
42306
42308
42310
42312
42314
42316
42318
42320
42322
42344
42346
42350
42352
42354
42356
42396
42398
42400
42402
42404
42406
42408
42410
42414
42416
42418
42420
42428
42432
42434
42436
42440
42446
42448
42450
42452
42454
42456
42458
42460
42462
42464
42466
42468
42470
42472
42474
42476
42478
42480
42482
42484
42486
42488
42490
42492
42514
42516
42518
44036
44038
44040
44044
44070
44106
44108
44110
44112
44114
44116
44118
44120
44122
44124
44126
44128
44130
44132
44134
44136
44138
44140
44142
44144
44146
44168
44170
44172
44174
44176
44178
44198
44200
44202
44204
44206
44208
44210
44212
44214
44216
44218
44220
44222
44224
44226
44228
44230
44232
44234
44236
44238
44240
44252
44970
44972
44974
44976
44978
44980
44982
44984
47186
47188
47928
47930
47932
47934
47936
47940
47942
47946
47948
47958
47960
47962
47984
47986
47988
47990
47992
47994
47996
47998
48000
48004
48006
48654
48656
48658
48670
48672
48674
48676
48678
48680
48682
48684
48686
48688
49700
49712
49714
49716
49718
49720
49722
49724
49726
49728
49730
49732
49734
49736
49738
49740
50374
50376
50378
50380
50382
50384
50386
50388
50390
50392
50394
50402
50404
50406
50468
50470
50474
50476
50478
50520
50522
50528
50530
50538
50540
50542
50544
50546
50548
50550
50552
50554
50556
50558
50560
50562
50564
50566
50568
50570
50572
50574
51188
51190
51198
51208
51236
51244
51246
51248
51486
51488
51490
51492
51494
51496
51532
51534
51536
51538
51542
51544
51548
51550
51552
51554
51556
51558
51560
51906
51908
51910
51912
51914
51916
51918
51920
51922
51924
52804
52806
52808
52810
52832
52834
52836
52838
52840
52842
52844
52846
52848
52850
52852
52898
52910
52912
52914
52916
52918
52920
52922
52924
52926
52928
52930
52932
52934
52936
52938
53524
53526
53528
53530
53532
53534
53536
53538
53540
53542
53544
53552
53554
53556
53570
53572
53574
53576
53578
53600
53602
53604
53632
53640
53642
53644
53646
53648
53650
53652
53686
53688
53696
53698
53700
53702
53704
53744
53746
53748
53780
53784
53786
53788
53790
53794
53796
53798
53800
53802
53804
53806
53808
53810
53812
54100
54112
54114
54116
54118
54120
54122
54124
54126
54128
54130
54132
54140
54142
54144
54146
54148
54150
54152
54154
54156
54158
54160
54162
54164
54166
54168
54170
54172
54174
54176
54178
54180
54182
54184
54186
54188
54190
54192
54194
54196
54198
54200
54202
54522
54524
54526
54528
54530
54532
54534
54536
55258
55266
55268
55270
55272
55274
55276
55278
55280
55284
55286
55288
55310
55312
55314
55316
55318
55320
55322
55324
55326
55328
55330
55376
55388
55390
55392
55394
55396
55398
55400
55402
55404
55406
55408
55410
55412
55414
55416
56258
56260
56262
56276
56278
56280
56282
56284
56306
56308
56310
56312
56338
56340
56342
56344
56346
56348
56350
56352
56388
56396
56418
56420
56422
56424
56426
56428
56430
56452
56454
56456
56458
56460
56462
56464
56466
56468
56470
56472
56474
56476
56478
56480
56488
56492
56494
56516
56518
56520
56522
56524
56526
56528
56550
56552
56554
56556
56558
56560
56562
56564
56566
56568
56612
56614
56618
56620
56622
56624
56626
56662
56664
56666
56668
56670
56672
56674
56676
56678
56680
56682
56690
56692
56694
56698
56700
56706
56710
56716
56718
56720
56722
56724
56726
56728
56730
56732
56734
56736
56738
56740
56742
56744
56746
57016
57018
57020
57022
57044
57046
57048
57050
57054
57056
57078
57080
57082
57086
57090
57092
57094
57096
57100
57104
57106
57108
57110
57112
57114
57116
57118
57332
57334
57336
57338
57340
57342
57344
57346
57348
57878
57880
57882
57884
57886
57930
57932
57934
57936
57938
57940
57942
57944
57946
57948
57950
57972
57974
57976
57978
58000
58002
58004
58006
58008
58010
58014
58748
58750
58752
58754
58756
58758
58760
58762
58764
58766
58768
58782
58784
58786
58792
58794
58822
58828
58830
58832
58834
58836
58838
58840
58874
58876
58904
58906
58908
58910
58914
58916
58918
58920
58922
58924
58926
58928
58930
58932
58934
58966
58968
58970
58972
58974
58976
58978
58980
58982
58986
58992
58996
58998
59020
59022
59024
59026
59028
59030
59052
59054
59056
59058
59060
59062
59064
59066
59068
59070
59072
59074
59076
59078
59080
59082
59084
59086
59088
59090
59092
59114
59116
59118
59120
59142
59144
59146
59148
59150
59152
59154
59156
59158
59160
59162
59164
59166
59168
59170
59172
59174
59176
59178
59180
59182
59190
59192
59194
59216
59218
59220
59222
59250
59252
59254
59256
59258
59260
59262
59264
59272
59274
59276
59280
59664
59666
59668
59670
59694
59722
59724
59726
59728
59730
59734
60676
60678
60680
60682
60684
60714
60716
60738
60740
60742
60744
60746
60748
60750
60752
60754
60756
60758
60786
60790
60796
60798
60800
60802
60810
60812
60814
60816
60838
60840
60842
60844
60848
60850
60852
60860
60862
60864
60886
60888
60890
60892
60894
60916
60918
60920
60924
60926
60928
60930
60932
60934
60936
60938
60940
60942
60944
60946
61014
61016
61018
61020
61022
61024
61026
61028
61032
61042
61044
61046
61166
61168
61170
61172
61174
61176
61178
61180
61202
61204
61206
61208
61230
61238
61248
61280
61288
61290
61292
61456
61458
61460
61462
61464
61466
61468
61470
61472
61474
61476
61498
61500
61502
61504
61506
61508
61560
61562
61564
61566
61568
61570
61572
61574
61576
61578
61580
61582
61584
61586
61588
61590
61592
61594
61596
61618
61620
61622
61626
61628
61630
61632
61634
61636
61640
61642
61644
61646
61648
61650
61652
61668
61670
61672
61674
61676
61682
61684
61686
61688
61690
61692
61694
61696
61778
61786
61796
61822
61824
61826
61834
61836
61846
61848
61850
61852
61854
61862
61864
61866
61868
61890
61892
61894
61904
61906
61918
61920
61922
61924
62074
62076
62078
62080
62082
62086
62088
62090
62152
62154
62156
62158
62160
62162
62164
62166
62168
62170
62172
62174
62176
62178
62180
62202
62204
62206
62210
62212
62214
62236
62238
62240
62242
62244
62246
62268
62270
62272
62274
62276
62278
62280
62282
62284
62286
62288
62290
62298
62312
62314
62316
62318
62320
62322
62324
62326
62328
62330
62332
62334
62336
62338
62340
62342
62344
62348
62350
62352
62354
62358
62360
62368
62370
62372
62374
62376
62378
62380
62382
62384
62386
62388
62636
62638
62640
62644
62646
62648
62650
62652
62674
62676
62678
62680
62682
62684
62686
62688
62710
62712
62714
62716
62718
62720
62722
62724
62726
62728
62730
62732
62736
62738
62740
62742
62744
62766
62768
62770
62772
62774
62776
62798
62800
62804
62806
62808
62810
62812
62814
62848
62850
62852
62854
62856
62908
62910
62912
62914
62920
62922
62924
62926
62928
62930
62932
62934
62936
62940
62942
62948
62952
62954
62966
62968
62970
62972
62974
62996
62998
63000
63002
63024
63026
63028
63030
63032
63268
63280
63282
63284
63286
63288
63290
63292
63294
63296
63298
63300
63302
63304
63314
63316
63318
63320
63322
63344
63346
63348
63350
63352
63354
63358
63360
63362
63364
63366
63388
63390
63392
63394
63396
63398
63400
63402
63404
63406
63408
63410
63412
63414
63416
63418
63420
63422
63424
63426
63428
63430
63432
63434
63456
63458
63460
63482
63484
63486
63488
63490
63492
63494
63496
63498
63500
63502
63526
63528
63530
63532
63534
63536
63544
63558
63560
63562
63564
63566
63568
63570
63572
63574
63576
63578
63580
63582
63584
63586
63588
63590
63592
63600
63602
63604
63606
63608
63630
63632
63636
63648
63650
63778
63796
63798
63800
63802
63804
63806
63808
63810
63812
63814
63816
63846
63848
63850
63852
63854
63856
63858
63860
63862
63864
63866
63868
63870
63872
63874
63876
63878
63880
63882
63884
63886
63888
63890
63892
63894
63896
63898
63900
63902
63904
63926
63928
63930
63934
63936
63938
63960
63962
63964
63966
63968
63970
63972
63974
63976
64024
64026
64028
64030
64032
64034
64040
64042
64044
64046
64048
64050
64052
64054
64056
64058
64060
64062
64064
64066
64068
64070
64072
64078
64080
64082
64084
64086
64088
64090
64092
64104
64106
64108
64110
64112
64114
64116
64118
64120
64122
64124
64126
64130
64132
64134
64136
64138
64158
64186
64188
64190
64192
64194
64196
64198
64206
64216
64422
64424
64426
64448
64450
64452
64474
64476
64478
64480
64482
64484
64486
64488
64490
64492
64494
64516
64518
64520
64522
64524
64526
64528
64530
64552
64554
64556
64558
64560
64562
64564
64566
64568
64570
64572
64600
64602
64604
64606
64608
64614
64616
64618
64620
64622
64624
64626
64634
64636
64638
64660
64662
64664
64666
64668
64670
64678
64700
64728
64732
64762
64936
64938
64940
64942
64944
64946
64948
64950
64952
64954
64956
64958
64960
64962
64964
64966
64968
64970
64972
64974
64976
64978
64980
64984
64986
64988
64990
64992
64994
64996
64998
65000
65002
65004
65006
65008
65010
65012
65014
65016
65038
65040
65042
65044
65046
65048
65050
65052
65054
65056
65058
65060
65064
65066
65068
65070
65072
65074
65092
65094
65096
65098
65100
65102
65104
65106
65108
65110
65112
65114
65116
65118
65120
65122
65124
65126
65128
65130
65132
65142
65144
65146
65156
65222
65224
65226
65230
65232
65236
65238
65240
65264
65512
65514
65516
65518
65520
65522
65524
65526
65528
65530
65532
65534
65538
65542
65544
65546
65548
65550
65552
65554
65556
65558
65560
65562
65564
65566
65568
65570
65592
65594
65596
65598
65600
65602
65604
65606
65608
65610
65612
65614
65616
65618
65620
65622
65624
65626
65628
65630
65632
65634
65636
65638
65640
65642
65644
65646
65654
65656
65658
65660
65662
65714
65716
66020
66022
66024
66028
66032
66038
66040
66042
66064
66066
66068
66076
66078
66080
66082
66084
66086
66088
66090
66092
66094
66096
66098
66106
66108
66110
66490
66492
66494
66496
66498
66500
66502
66504
66510
66512
66514
66516
66518
66520
66522
66524
66526
66528
66530
66532
66534
66536
66538
66540
66542
66544
66546
66548
66550
66552
66560
66562
66564
66566
66568
66570
66572
66576
66946
66952
66954
66956
66958
66960
66962
66964
66968
66970
66972
66976
67346
67354
67356
67364
67366
67368
67370
67376
67378
67380
67714
67716
67718
67722
67724
68034
68036
68038
68042
68048
68052
68054
68368
68370
68372
68374
68382
68390
68392
68406
68410
68412
68414
68416
68704
68706
68708
68710
68712
68714
68976
68984
68986
69248
69250
69252
69258
69260
69262
69264
69266
69268
69514
69762
69784
69786
69798
69800
70020
70022
70024
70026
70028
70030
70250
70258
70260
70460
70468
70470
70472
70474
70476
70478
70666
70674
70676
70678
70878
70886
70888
70890
70892
70894
70896
70898
71056
71058
71066
71074
71076
71078
71084
71238
71246
71248
71250
71252
71254
71414
71416
71420
71422
71424
71426
71428
71430
71432
71556
71558
71560
71562
71566
71574
71576
71578
71580
71582
71680
71684
71696
71698
71700
71702
71704
71706
71708
71714
71794
71796
71798
71800
71802
71804
