0 0
1 1
2 2
3 178
4 3
5 161
6 4
8 5
9 163
10 6
12 7
13 165
14 8
16 9
17 167
18 10
20 11
22 12
23 183
24 13
25 189
26 14
27 186
28 15
29 185
30 16
31 200
32 17
33 202
34 18
35 204
36 19
37 221
38 20
39 220
40 21
42 22
43 229
44 23
45 249
46 24
47 248
48 25
50 26
51 269
52 27
53 266
54 28
55 265
56 29
57 276
58 30
59 272
60 31
61 271
62 32
63 281
64 33
65 283
66 34
67 285
68 35
69 295
70 36
71 293
72 37
73 292
74 38
75 301
76 39
77 297
78 40
80 41
81 313
82 42
83 315
84 43
86 44
87 506
88 45
90 46
92 47
93 325
94 48
95 534
96 49
97 353
98 50
99 341
100 51
102 52
103 343
104 53
106 54
108 55
109 345
110 56
111 378
112 57
113 363
114 58
116 59
117 367
118 60
119 369
120 61
121 390
122 62
124 63
125 411
126 64
128 65
129 439
130 66
131 444
132 67
134 68
135 441
136 69
137 459
138 70
139 490
140 71
142 72
143 487
144 73
145 509
146 74
147 521
148 75
149 518
150 76
151 517
152 77
153 541
154 78
155 572
156 79
157 574
158 80
159 590
160 81
162 82
163 613
164 83
165 638
166 84
167 637
168 85
169 642
170 86
172 87
174 88
175 645
176 89
177 647
178 90
179 644
180 91
182 92
183 662
184 93
185 694
186 94
187 696
188 95
189 736
190 96
191 732
192 97
193 731
194 98
196 99
197 742
198 100
200 101
201 761
202 102
204 103
205 779
206 104
208 105
209 818
210 106
212 107
213 838
214 108
215 853
216 109
217 863
218 110
220 111
221 882
222 112
223 881
224 113
225 930
226 114
227 929
228 115
230 116
232 117
233 948
234 118
235 983
236 119
237 965
238 120
240 121
242 122
243 967
244 123
246 124
247 978
248 125
249 977
250 126
252 127
253 988
254 128
256 129
257 1019
258 130
259 1052
260 131
261 1050
262 132
263 1059
264 133
265 1062
266 134
267 1086
268 135
269 1083
270 136
271 1082
272 137
274 138
275 1090
276 139
277 1107
278 140
279 1109
280 141
281 1138
282 142
284 143
285 1135
286 144
287 1140
288 145
289 1181
290 146
291 1177
292 147
294 148
295 1185
296 149
297 1219
298 150
299 1218
300 151
301 1222
302 152
303 1221
304 153
305 1231
306 154
308 155
309 1268
310 156
311 1271
312 157
313 1270
314 158
315 1274
316 159
317 1273
318 160
320 162
321 174
322 164
323 172
324 166
325 170
326 168
327 169
328 171
330 173
332 175
333 177
334 176
335 181
336 179
337 180
338 182
339 198
340 184
341 191
342 187
343 188
344 190
345 193
346 192
347 196
348 194
349 195
350 197
351 1351
352 199
353 1359
354 201
355 212
356 203
357 210
358 205
359 208
360 206
361 207
362 209
364 211
366 213
367 215
368 214
369 218
370 216
371 217
372 219
373 1333
374 222
375 225
376 223
377 224
378 226
379 245
380 227
381 237
382 228
383 235
384 230
385 233
386 231
387 232
388 234
390 236
392 238
393 240
394 239
395 243
396 241
397 242
398 244
399 261
400 246
401 1332
402 247
403 259
404 250
405 254
406 251
407 252
408 253
409 257
410 255
411 256
412 258
414 260
416 262
417 263
418 264
420 267
421 268
422 270
423 815
424 273
425 275
426 274
427 279
428 277
429 278
430 280
432 282
433 290
434 284
435 288
436 286
437 287
438 289
440 291
442 294
444 296
445 303
446 298
447 299
448 300
450 302
452 304
453 305
454 306
455 307
456 308
457 311
458 309
459 310
460 312
461 557
462 314
463 318
464 316
465 317
466 319
468 320
470 321
471 339
472 322
473 337
474 323
476 324
477 335
478 326
479 327
480 328
481 329
482 330
483 333
484 331
485 332
486 334
488 336
490 338
492 340
493 360
494 342
495 350
496 344
497 348
498 346
499 347
500 349
502 351
503 352
504 354
505 357
506 355
507 356
508 358
509 359
510 361
511 474
512 362
513 375
514 364
515 365
516 366
518 368
519 372
520 370
521 371
522 373
524 374
526 376
527 377
528 379
529 404
530 380
531 386
532 381
533 384
534 382
535 383
536 385
538 387
539 388
540 389
541 402
542 391
543 396
544 392
545 394
546 393
548 395
550 397
551 400
552 398
553 399
554 401
556 403
558 405
560 406
562 407
564 408
565 423
566 409
567 413
568 410
570 412
572 414
573 421
574 415
576 416
577 419
578 417
579 418
580 420
582 422
584 424
585 427
586 425
588 426
589 430
590 428
591 429
592 431
594 432
595 471
596 433
597 436
598 434
599 435
600 437
602 438
604 440
605 457
606 442
608 443
610 445
611 455
612 446
613 447
614 448
615 450
616 449
617 453
618 451
619 452
620 454
622 456
624 458
625 479
626 460
627 462
628 461
629 465
630 463
631 464
632 466
633 467
634 468
635 469
636 470
638 472
639 473
640 475
642 476
644 477
645 484
646 478
647 481
648 480
650 482
651 483
652 485
654 486
655 555
656 488
657 489
658 491
659 559
660 492
661 495
662 493
663 494
664 496
666 497
668 498
669 514
670 499
671 500
672 501
673 502
674 503
675 512
676 504
677 505
678 507
679 508
680 510
681 511
682 513
684 515
685 548
686 516
687 553
688 519
689 520
690 522
691 562
692 523
693 526
694 524
695 525
696 527
697 530
698 528
700 529
701 545
702 531
703 539
704 532
705 533
706 535
707 536
708 537
709 538
710 540
712 542
713 543
714 544
716 546
717 547
718 549
719 550
720 551
721 552
722 554
724 556
725 609
726 558
727 587
728 560
730 561
732 563
733 564
734 565
735 566
736 567
737 585
738 568
739 570
740 569
742 571
743 583
744 573
745 576
746 575
747 578
748 577
749 581
750 579
751 580
752 582
754 584
756 586
758 588
759 683
760 589
761 635
762 591
763 593
764 592
765 596
766 594
767 595
768 597
769 632
770 598
771 607
772 599
773 600
774 601
775 605
776 602
777 603
778 604
780 606
782 608
784 610
785 629
786 611
787 621
788 612
789 619
790 614
791 617
792 615
793 616
794 618
796 620
798 622
799 623
800 624
801 627
802 625
803 626
804 628
805 686
806 630
807 631
808 633
809 634
810 636
811 720
812 639
813 654
814 640
815 641
816 643
817 651
818 646
819 656
820 648
821 649
822 650
824 652
825 653
826 655
827 681
828 657
829 658
830 659
831 691
832 660
833 670
834 661
835 668
836 663
837 666
838 664
839 665
840 667
842 669
844 671
845 673
846 672
847 676
848 674
849 675
850 677
851 678
852 679
853 680
854 682
856 684
857 685
858 687
859 688
860 689
862 690
863 716
864 692
865 718
866 693
867 714
868 695
869 705
870 697
871 703
872 698
873 701
874 699
875 700
876 702
878 704
880 706
881 708
882 707
883 711
884 709
885 710
886 712
887 713
888 715
890 717
891 774
892 719
894 721
895 729
896 722
898 723
899 724
900 725
901 726
902 727
903 728
904 730
906 733
907 735
908 734
909 739
910 737
911 738
912 740
913 801
914 741
915 748
916 743
917 746
918 744
919 745
920 747
922 749
923 750
924 751
925 757
926 752
927 753
928 754
930 755
931 756
932 758
933 806
934 759
936 760
937 771
938 762
940 763
941 764
942 765
943 766
944 767
946 768
948 769
949 770
950 772
951 773
952 775
953 798
954 776
955 796
956 777
957 787
958 778
959 785
960 780
961 783
962 781
963 782
964 784
966 786
968 788
969 790
970 789
971 793
972 791
973 792
974 794
975 795
976 797
978 799
979 813
980 800
981 803
982 802
984 804
985 811
986 805
987 808
988 807
990 809
991 810
992 812
994 814
995 903
996 816
997 879
998 817
999 827
1000 819
1001 825
1002 820
1003 823
1004 821
1005 822
1006 824
1008 826
1010 828
1011 829
1012 830
1013 833
1014 831
1015 832
1016 834
1017 877
1018 835
1019 845
1020 836
1021 843
1022 837
1023 841
1024 839
1025 840
1026 842
1028 844
1030 846
1031 848
1032 847
1033 851
1034 849
1035 850
1036 852
1037 875
1038 854
1039 860
1040 855
1041 858
1042 856
1043 857
1044 859
1046 861
1047 867
1048 862
1050 864
1051 865
1052 866
1053 873
1054 868
1055 871
1056 869
1057 870
1058 872
1060 874
1061 910
1062 876
1063 890
1064 878
1066 880
1067 908
1068 883
1069 947
1070 884
1071 885
1072 886
1073 927
1074 887
1076 888
1077 889
1078 891
1079 892
1080 893
1081 906
1082 894
1083 901
1084 895
1085 898
1086 896
1087 897
1088 899
1089 900
1090 902
1092 904
1093 905
1094 907
1096 909
1098 911
1099 914
1100 912
1101 913
1102 915
1103 920
1104 916
1105 917
1106 918
1107 919
1108 921
1110 922
1111 963
1112 923
1114 924
1116 925
1117 961
1118 926
1120 928
1121 959
1122 931
1123 940
1124 932
1125 936
1126 933
1128 934
1129 935
1130 937
1131 939
1132 938
1133 943
1134 941
1135 942
1136 944
1138 945
1139 956
1140 946
1141 954
1142 949
1143 951
1144 950
1146 952
1147 953
1148 955
1150 957
1152 958
1154 960
1156 962
1158 964
1159 1012
1160 966
1161 970
1162 968
1163 969
1164 971
1165 975
1166 972
1167 973
1168 974
1169 1003
1170 976
1171 980
1172 979
1174 981
1175 982
1176 984
1177 1010
1178 985
1179 995
1180 986
1181 993
1182 987
1183 991
1184 989
1185 990
1186 992
1188 994
1190 996
1191 998
1192 997
1193 1001
1194 999
1195 1000
1196 1002
1197 1007
1198 1004
1199 1005
1200 1006
1201 1015
1202 1008
1203 1009
1204 1011
1206 1013
1208 1014
1209 1039
1210 1016
1211 1043
1212 1017
1213 1037
1214 1018
1215 1028
1216 1020
1217 1026
1218 1021
1219 1024
1220 1022
1221 1023
1222 1025
1224 1027
1226 1029
1227 1031
1228 1030
1229 1034
1230 1032
1231 1033
1232 1035
1233 1036
1234 1038
1236 1040
1237 1048
1238 1041
1240 1042
1241 1045
1242 1044
1244 1046
1245 1047
1246 1049
1247 1080
1248 1051
1249 1054
1250 1053
1251 1057
1252 1055
1253 1056
1254 1058
1255 1127
1256 1060
1257 1067
1258 1061
1259 1065
1260 1063
1261 1064
1262 1066
1264 1068
1265 1069
1266 1070
1267 1076
1268 1071
1269 1072
1270 1073
1272 1074
1273 1075
1274 1077
1275 1126
1276 1078
1277 1079
1278 1081
1279 1133
1280 1084
1281 1085
1282 1087
1283 1148
1284 1088
1285 1098
1286 1089
1287 1096
1288 1091
1289 1094
1290 1092
1291 1093
1292 1095
1294 1097
1296 1099
1297 1100
1298 1101
1299 1104
1300 1102
1301 1103
1302 1105
1303 1146
1304 1106
1305 1131
1306 1108
1307 1118
1308 1110
1309 1116
1310 1111
1311 1114
1312 1112
1313 1113
1314 1115
1316 1117
1318 1119
1319 1121
1320 1120
1321 1124
1322 1122
1323 1123
1324 1125
1325 1158
1326 1128
1327 1129
1328 1130
1330 1132
1332 1134
1333 1155
1334 1136
1335 1137
1336 1139
1337 1142
1338 1141
1339 1144
1340 1143
1341 1153
1342 1145
1343 1151
1344 1147
1346 1149
1347 1150
1348 1152
1350 1154
1352 1156
1353 1211
1354 1157
1355 1161
1356 1159
1358 1160
1360 1162
1361 1175
1362 1163
1364 1164
1365 1167
1366 1165
1367 1166
1368 1168
1369 1169
1370 1170
1371 1173
1372 1171
1373 1172
1374 1174
1376 1176
1378 1178
1380 1179
1381 1180
1382 1182
1383 1213
1384 1183
1385 1190
1386 1184
1387 1188
1388 1186
1389 1187
1390 1189
1392 1191
1393 1192
1394 1193
1395 1199
1396 1194
1397 1195
1398 1196
1400 1197
1401 1198
1402 1200
1403 1201
1404 1202
1405 1208
1406 1203
1408 1204
1409 1205
1410 1206
1411 1207
1412 1209
1414 1210
1416 1212
1417 1216
1418 1214
1419 1215
1420 1217
1421 1290
1422 1220
1423 1226
1424 1223
1425 1225
1426 1224
1427 1229
1428 1227
1429 1228
1430 1230
1431 1295
1432 1232
1433 1241
1434 1233
1435 1239
1436 1234
1437 1237
1438 1235
1439 1236
1440 1238
1442 1240
1444 1242
1445 1244
1446 1243
1447 1247
1448 1245
1449 1246
1450 1248
1451 1249
1452 1250
1453 1288
1454 1251
1455 1260
1456 1252
1457 1258
1458 1253
1459 1256
1460 1254
1461 1255
1462 1257
1464 1259
1466 1261
1467 1262
1468 1263
1469 1266
1470 1264
1471 1265
1472 1267
1473 1293
1474 1269
1475 1280
1476 1272
1477 1277
1478 1275
1479 1276
1480 1278
1481 1279
1482 1281
1483 1284
1484 1282
1485 1283
1486 1285
1487 1292
1488 1286
1489 1287
1490 1289
1492 1291
1493 1303
1494 1294
1495 1298
1496 1296
1497 1297
1498 1299
1499 1300
1500 1301
1501 1302
1502 1304
1503 1305
1504 1306
1505 1307
1506 1308
1507 1346
1508 1309
1509 1318
1510 1310
1511 1316
1512 1311
1513 1314
1514 1312
1515 1313
1516 1315
1518 1317
1520 1319
1521 1320
1522 1321
1523 1324
1524 1322
1525 1323
1526 1325
1527 1349
1528 1326
1530 1327
1531 1328
1532 1329
1533 1348
1534 1330
1535 1344
1536 1331
1537 1336
1538 1334
1540 1335
1542 1337
1543 1342
1544 1338
1545 1339
1546 1340
1547 1341
1548 1343
1550 1345
1552 1347
1553 1356
1554 1350
1555 1354
1556 1352
1557 1353
1558 1355
1560 1357
1561 1358
1562 1360
