0 0
1 1
2 2
3 181
4 3
6 4
7 178
8 5
9 197
10 6
11 660
12 7
13 183
14 8
16 9
18 10
20 11
22 12
24 13
26 14
27 206
28 15
30 16
31 228
32 17
33 225
34 18
35 224
36 19
37 231
38 20
39 233
40 21
41 230
42 22
44 23
46 24
48 25
50 26
51 272
52 27
54 28
55 275
56 29
57 292
58 30
59 291
60 31
62 32
64 33
66 34
67 316
68 35
69 315
70 36
71 318
72 37
73 368
74 38
75 327
76 39
77 329
78 40
80 41
81 350
82 42
83 398
84 43
85 375
86 44
87 374
88 45
89 378
90 46
92 47
93 412
94 48
95 423
96 49
97 422
98 50
99 426
100 51
101 425
102 52
103 435
104 53
105 437
106 54
108 55
109 440
110 56
111 476
112 57
114 58
115 459
116 59
118 60
119 471
120 61
122 62
123 488
124 63
125 484
126 64
127 483
128 65
129 513
130 66
132 67
133 497
134 68
135 548
136 69
137 500
138 70
140 71
141 506
142 72
143 503
144 73
145 519
146 74
148 75
149 522
150 76
152 77
153 562
154 78
155 544
156 79
158 80
159 546
160 81
161 557
162 82
164 83
165 565
166 84
168 85
170 86
171 591
172 87
174 88
175 619
176 89
178 90
179 606
180 91
181 605
182 92
184 93
186 94
187 635
188 95
190 96
191 643
192 97
193 690
194 98
195 688
196 99
197 714
198 100
199 711
200 101
202 102
204 103
205 705
206 104
208 105
209 765
210 106
211 762
212 107
213 761
214 108
215 788
216 109
217 811
218 110
219 809
220 111
221 808
222 112
223 827
224 113
225 845
226 114
228 115
229 887
230 116
231 886
232 117
233 890
234 118
235 889
236 119
238 120
240 121
241 907
242 122
244 123
246 124
247 941
248 125
249 940
250 126
252 127
253 974
254 128
255 971
256 129
257 970
258 130
259 1004
260 131
261 1003
262 132
263 1006
264 133
266 134
267 1062
268 135
269 1061
270 136
271 1065
272 137
273 1064
274 138
276 139
277 1122
278 140
279 1121
280 141
282 142
284 143
286 144
287 1162
288 145
289 1161
290 146
292 147
293 1164
294 148
295 1173
296 149
298 150
300 151
301 1201
302 152
304 153
305 1231
306 154
308 155
309 1226
310 156
311 1245
312 157
314 158
315 1242
316 159
317 1247
318 160
320 161
321 1286
322 162
324 163
325 1288
326 164
328 165
329 1293
330 166
332 167
333 1303
334 168
335 1339
336 169
338 170
339 1342
340 171
341 1341
342 172
343 1346
344 173
345 1353
346 174
347 1378
348 175
349 1374
350 176
351 1373
352 177
354 179
355 180
356 182
357 204
358 184
359 193
360 185
361 191
362 186
363 189
364 187
365 188
366 190
368 192
370 194
371 196
372 195
373 200
374 198
375 199
376 201
377 202
378 203
379 1433
380 205
381 247
382 207
383 216
384 208
385 214
386 209
387 212
388 210
389 211
390 213
392 215
394 217
395 218
396 219
397 222
398 220
399 221
400 223
401 244
402 226
403 227
404 229
405 239
406 232
407 267
408 234
409 235
410 236
411 238
412 237
413 242
414 240
415 241
416 243
417 1422
418 245
419 246
420 248
422 249
423 255
424 250
425 253
426 251
427 252
428 254
430 256
431 257
432 258
433 265
434 259
435 260
436 261
437 262
438 263
439 264
440 266
442 268
443 269
444 270
445 1418
446 271
447 282
448 273
449 280
450 274
451 278
452 276
453 277
454 279
456 281
458 283
459 284
460 285
461 288
462 286
463 287
464 289
465 1134
466 290
467 295
468 293
469 294
470 296
471 1133
472 297
473 1142
474 298
475 304
476 299
477 302
478 300
479 301
480 303
482 305
484 306
485 307
486 308
487 310
488 309
489 313
490 311
491 312
492 314
493 1109
494 317
495 321
496 319
497 320
498 322
499 325
500 323
501 324
502 326
503 347
504 328
505 335
506 330
507 333
508 331
509 332
510 334
512 336
513 337
514 338
515 344
516 339
517 340
518 341
520 342
521 343
522 345
523 346
524 348
525 393
526 349
527 372
528 351
529 360
530 352
531 358
532 353
533 356
534 354
535 355
536 357
538 359
540 361
541 363
542 362
543 366
544 364
545 365
546 367
547 384
548 369
549 370
550 371
552 373
553 390
554 376
555 397
556 377
557 380
558 379
560 381
561 382
562 383
563 387
564 385
565 386
566 388
567 389
568 391
569 392
570 394
571 395
572 396
574 399
575 400
576 401
577 1049
578 402
579 408
580 403
581 406
582 404
583 405
584 407
586 409
587 410
588 411
589 419
590 413
591 414
592 415
593 416
594 417
595 418
596 420
597 1048
598 421
599 1057
600 424
601 429
602 427
603 428
604 430
605 433
606 431
607 432
608 434
609 456
610 436
611 447
612 438
613 445
614 439
615 443
616 441
617 442
618 444
620 446
622 448
623 450
624 449
625 453
626 451
627 452
628 454
629 455
630 457
631 884
632 458
633 465
634 460
635 463
636 461
637 462
638 464
640 466
641 469
642 467
644 468
645 481
646 470
647 474
648 472
649 473
650 475
651 479
652 477
653 478
654 480
656 482
657 493
658 485
659 487
660 486
661 491
662 489
663 490
664 492
665 851
666 494
667 742
668 495
669 496
670 498
671 502
672 499
673 510
674 501
675 508
676 504
677 505
678 507
680 509
682 511
683 512
684 514
685 517
686 515
687 516
688 518
689 542
690 520
691 531
692 521
693 528
694 523
695 526
696 524
697 525
698 527
700 529
701 533
702 530
704 532
705 539
706 534
707 537
708 535
709 536
710 538
712 540
713 541
714 543
715 703
716 545
717 553
718 547
719 551
720 549
721 550
722 552
724 554
725 559
726 555
727 556
728 558
730 560
731 561
732 563
733 587
734 564
735 571
736 566
737 569
738 567
739 568
740 570
742 572
743 578
744 573
746 574
747 575
748 576
749 583
750 577
751 581
752 579
753 580
754 582
756 584
757 586
758 585
759 678
760 588
761 675
762 589
763 600
764 590
765 597
766 592
767 595
768 593
769 594
770 596
772 598
773 626
774 599
776 601
777 632
778 602
779 603
780 604
781 616
782 607
783 611
784 608
785 609
786 610
788 612
790 613
791 614
792 615
794 617
795 618
796 620
797 623
798 621
799 622
800 624
802 625
803 629
804 627
805 628
806 630
808 631
810 633
811 667
812 634
813 637
814 636
815 640
816 638
817 639
818 641
819 666
820 642
821 672
822 644
823 656
824 645
825 651
826 646
827 649
828 647
829 648
830 650
832 652
833 653
834 654
835 655
836 657
838 658
840 659
841 663
842 661
843 662
844 664
846 665
848 668
849 669
850 670
851 671
852 673
853 674
854 676
855 677
856 679
858 680
859 683
860 681
861 682
862 684
864 685
865 686
866 687
868 689
870 691
871 692
872 693
873 694
874 695
875 698
876 696
877 697
878 699
879 700
880 701
881 702
882 704
883 725
884 706
886 707
888 708
890 709
891 710
892 712
893 713
894 715
895 718
896 716
897 717
898 719
899 722
900 720
901 721
902 723
903 724
904 726
905 737
906 727
908 728
909 735
910 729
911 730
912 731
913 732
914 733
915 734
916 736
918 738
919 739
920 740
921 741
922 743
924 744
925 750
926 745
927 748
928 746
929 747
930 749
932 751
934 752
935 753
936 754
937 755
938 756
939 759
940 757
941 758
942 760
943 806
944 763
945 764
946 766
947 768
948 767
949 822
950 769
951 798
952 770
954 771
955 774
956 772
957 773
958 775
959 778
960 776
962 777
963 792
964 779
965 786
966 780
967 781
968 782
969 783
970 784
971 785
972 787
974 789
975 790
976 791
978 793
979 800
980 794
981 795
982 796
983 797
984 799
986 801
987 802
988 803
989 804
990 805
992 807
993 818
994 810
995 813
996 812
997 816
998 814
999 815
1000 817
1002 819
1003 864
1004 820
1005 821
1006 823
1007 824
1008 825
1009 873
1010 826
1011 871
1012 828
1013 834
1014 829
1015 832
1016 830
1017 831
1018 833
1020 835
1021 836
1022 837
1023 843
1024 838
1025 839
1026 840
1028 841
1029 842
1030 844
1031 849
1032 846
1033 847
1034 848
1035 875
1036 850
1037 869
1038 852
1039 859
1040 853
1041 854
1042 855
1043 856
1044 857
1045 858
1046 860
1047 861
1048 862
1049 863
1050 865
1051 866
1052 867
1053 868
1054 870
1056 872
1058 874
1059 881
1060 876
1061 879
1062 877
1063 878
1064 880
1066 882
1067 883
1068 885
1069 1001
1070 888
1071 893
1072 891
1073 892
1074 894
1075 897
1076 895
1077 896
1078 898
1079 918
1080 899
1081 905
1082 900
1083 903
1084 901
1085 902
1086 904
1088 906
1090 908
1091 909
1092 910
1093 912
1094 911
1095 915
1096 913
1097 914
1098 916
1099 917
1100 919
1101 967
1102 920
1103 926
1104 921
1105 924
1106 922
1107 923
1108 925
1110 927
1111 932
1112 928
1114 929
1115 930
1116 931
1117 938
1118 933
1119 936
1120 934
1121 935
1122 937
1124 939
1125 965
1126 942
1127 943
1128 944
1129 977
1130 945
1131 951
1132 946
1133 949
1134 947
1135 948
1136 950
1138 952
1139 953
1140 954
1141 960
1142 955
1143 956
1144 957
1146 958
1147 959
1148 961
1149 962
1150 963
1151 964
1152 966
1154 968
1156 969
1157 987
1158 972
1159 973
1160 975
1162 976
1164 978
1165 981
1166 979
1167 980
1168 982
1169 983
1170 984
1171 985
1172 986
1174 988
1175 1044
1176 989
1178 990
1180 991
1181 992
1182 993
1183 1042
1184 994
1185 998
1186 995
1188 996
1189 997
1190 999
1191 1000
1192 1002
1193 1040
1194 1005
1195 1009
1196 1007
1197 1008
1198 1010
1199 1013
1200 1011
1201 1012
1202 1014
1203 1032
1204 1015
1205 1024
1206 1016
1207 1022
1208 1017
1209 1020
1210 1018
1211 1019
1212 1021
1214 1023
1216 1025
1217 1027
1218 1026
1219 1030
1220 1028
1221 1029
1222 1031
1223 1046
1224 1033
1225 1038
1226 1034
1227 1035
1228 1036
1229 1037
1230 1039
1232 1041
1234 1043
1236 1045
1237 1054
1238 1047
1239 1052
1240 1050
1241 1051
1242 1053
1244 1055
1245 1056
1246 1058
1247 1059
1248 1060
1249 1107
1250 1063
1251 1068
1252 1066
1253 1067
1254 1069
1255 1072
1256 1070
1257 1071
1258 1073
1259 1092
1260 1074
1261 1083
1262 1075
1263 1081
1264 1076
1265 1079
1266 1077
1267 1078
1268 1080
1270 1082
1272 1084
1273 1086
1274 1085
1275 1089
1276 1087
1277 1088
1278 1090
1279 1091
1280 1093
1281 1105
1282 1094
1283 1097
1284 1095
1285 1096
1286 1098
1287 1102
1288 1099
1289 1100
1290 1101
1292 1103
1293 1104
1294 1106
1296 1108
1298 1110
1300 1111
1302 1112
1303 1128
1304 1113
1305 1117
1306 1114
1308 1115
1309 1116
1310 1118
1311 1119
1312 1120
1313 1126
1314 1123
1315 1124
1316 1125
1318 1127
1320 1129
1321 1130
1322 1131
1323 1139
1324 1132
1325 1137
1326 1135
1327 1136
1328 1138
1330 1140
1331 1141
1332 1143
1333 1240
1334 1144
1335 1150
1336 1145
1337 1148
1338 1146
1339 1147
1340 1149
1342 1151
1343 1152
1344 1153
1345 1159
1346 1154
1347 1155
1348 1156
1350 1157
1351 1158
1352 1160
1353 1266
1354 1163
1355 1168
1356 1165
1357 1166
1358 1167
1359 1171
1360 1169
1361 1170
1362 1172
1363 1219
1364 1174
1365 1180
1366 1175
1367 1178
1368 1176
1369 1177
1370 1179
1372 1181
1373 1182
1374 1183
1375 1189
1376 1184
1377 1185
1378 1186
1380 1187
1381 1188
1382 1190
1383 1268
1384 1191
1386 1192
1387 1193
1388 1194
1389 1195
1390 1196
1391 1197
1392 1198
1393 1199
1394 1200
1395 1223
1396 1202
1397 1211
1398 1203
1399 1209
1400 1204
1401 1207
1402 1205
1403 1206
1404 1208
1406 1210
1408 1212
1409 1213
1410 1214
1411 1217
1412 1215
1413 1216
1414 1218
1416 1220
1417 1221
1418 1222
1420 1224
1421 1237
1422 1225
1423 1233
1424 1227
1425 1228
1426 1229
1427 1230
1428 1232
1429 1282
1430 1234
1432 1235
1433 1236
1434 1238
1435 1239
1436 1241
1437 1278
1438 1243
1439 1244
1440 1246
1441 1329
1442 1248
1443 1257
1444 1249
1445 1255
1446 1250
1447 1253
1448 1251
1449 1252
1450 1254
1452 1256
1454 1258
1455 1259
1456 1260
1457 1263
1458 1261
1459 1262
1460 1264
1461 1328
1462 1265
1463 1276
1464 1267
1465 1271
1466 1269
1467 1270
1468 1272
1469 1273
1470 1274
1471 1275
1472 1277
1474 1279
1476 1280
1477 1281
1478 1283
1479 1284
1480 1285
1481 1322
1482 1287
1483 1291
1484 1289
1485 1290
1486 1292
1487 1296
1488 1294
1489 1295
1490 1297
1491 1300
1492 1298
1493 1299
1494 1301
1495 1326
1496 1302
1497 1312
1498 1304
1499 1310
1500 1305
1501 1308
1502 1306
1503 1307
1504 1309
1506 1311
1508 1313
1509 1314
1510 1315
1511 1318
1512 1316
1513 1317
1514 1319
1515 1325
1516 1320
1517 1321
1518 1323
1520 1324
1521 1337
1522 1327
1523 1332
1524 1330
1525 1331
1526 1333
1527 1334
1528 1335
1529 1336
1530 1338
1531 1405
1532 1340
1533 1351
1534 1343
1535 1344
1536 1345
1537 1348
1538 1347
1540 1349
1541 1350
1542 1352
1543 1409
1544 1354
1545 1363
1546 1355
1547 1361
1548 1356
1549 1359
1550 1357
1551 1358
1552 1360
1554 1362
1556 1364
1557 1366
1558 1365
1559 1369
1560 1367
1561 1368
1562 1370
1563 1371
1564 1372
1565 1403
1566 1375
1567 1376
1568 1377
1569 1381
1570 1379
1571 1380
1572 1382
1573 1407
1574 1383
1575 1392
1576 1384
1577 1390
1578 1385
1579 1388
1580 1386
1581 1387
1582 1389
1584 1391
1586 1393
1587 1395
1588 1394
1589 1398
1590 1396
1591 1397
1592 1399
1593 1400
1594 1401
1595 1402
1596 1404
1598 1406
1599 1415
1600 1408
1601 1413
1602 1410
1604 1411
1605 1412
1606 1414
1608 1416
1609 1417
1610 1419
1611 1420
1612 1421
1613 1428
1614 1423
1615 1426
1616 1424
1617 1425
1618 1427
1620 1429
1621 1430
1622 1431
1623 1432
1624 1434
