0 0
1 1
2 2
3 146
4 3
5 520
6 4
8 5
10 6
11 132
12 7
14 8
16 9
18 10
19 135
20 11
21 155
22 12
23 152
24 13
25 151
26 14
28 15
30 16
32 17
33 176
34 18
35 175
36 19
37 178
38 20
39 228
40 21
41 187
42 22
43 189
44 23
46 24
48 25
49 210
50 26
51 258
52 27
53 235
54 28
55 234
56 29
57 238
58 30
60 31
61 272
62 32
63 283
64 33
65 282
66 34
67 286
68 35
69 285
70 36
71 295
72 37
73 297
74 38
76 39
77 300
78 40
79 336
80 41
82 42
83 319
84 43
86 44
87 331
88 45
90 46
91 348
92 47
93 344
94 48
95 343
96 49
97 373
98 50
100 51
101 357
102 52
103 408
104 53
105 360
106 54
108 55
109 366
110 56
111 363
112 57
113 379
114 58
116 59
117 382
118 60
120 61
121 422
122 62
123 404
124 63
126 64
127 406
128 65
129 417
130 66
132 67
133 425
134 68
136 69
138 70
139 451
140 71
142 72
143 479
144 73
146 74
147 466
148 75
149 465
150 76
152 77
154 78
155 495
156 79
158 80
159 503
160 81
161 550
162 82
163 548
164 83
165 574
166 84
167 571
168 85
170 86
172 87
173 565
174 88
176 89
177 625
178 90
179 622
180 91
181 621
182 92
183 648
184 93
185 671
186 94
187 669
188 95
189 668
190 96
191 687
192 97
193 705
194 98
196 99
197 747
198 100
199 746
200 101
201 750
202 102
203 749
204 103
206 104
208 105
209 767
210 106
212 107
214 108
215 801
216 109
217 800
218 110
220 111
221 834
222 112
223 831
224 113
225 830
226 114
227 864
228 115
229 863
230 116
231 866
232 117
234 118
235 922
236 119
237 921
238 120
239 925
240 121
241 924
242 122
244 123
245 982
246 124
247 981
248 125
250 126
251 1010
252 127
254 128
255 1004
256 129
258 130
260 131
261 142
262 133
263 140
264 134
265 138
266 136
267 137
268 139
270 141
272 143
273 144
274 145
275 149
276 147
277 148
278 150
279 994
280 153
281 154
282 156
283 993
284 157
285 1002
286 158
287 164
288 159
289 162
290 160
291 161
292 163
294 165
296 166
297 167
298 168
299 170
300 169
301 173
302 171
303 172
304 174
305 969
306 177
307 181
308 179
309 180
310 182
311 185
312 183
313 184
314 186
315 207
316 188
317 195
318 190
319 193
320 191
321 192
322 194
324 196
325 197
326 198
327 204
328 199
329 200
330 201
332 202
333 203
334 205
335 206
336 208
337 253
338 209
339 232
340 211
341 220
342 212
343 218
344 213
345 216
346 214
347 215
348 217
350 219
352 221
353 223
354 222
355 226
356 224
357 225
358 227
359 244
360 229
361 230
362 231
364 233
365 250
366 236
367 257
368 237
369 240
370 239
372 241
373 242
374 243
375 247
376 245
377 246
378 248
379 249
380 251
381 252
382 254
383 255
384 256
386 259
387 260
388 261
389 909
390 262
391 268
392 263
393 266
394 264
395 265
396 267
398 269
399 270
400 271
401 279
402 273
403 274
404 275
405 276
406 277
407 278
408 280
409 908
410 281
411 917
412 284
413 289
414 287
415 288
416 290
417 293
418 291
419 292
420 294
421 316
422 296
423 307
424 298
425 305
426 299
427 303
428 301
429 302
430 304
432 306
434 308
435 310
436 309
437 313
438 311
439 312
440 314
441 315
442 317
443 744
444 318
445 325
446 320
447 323
448 321
449 322
450 324
452 326
453 329
454 327
456 328
457 341
458 330
459 334
460 332
461 333
462 335
463 339
464 337
465 338
466 340
468 342
469 353
470 345
471 347
472 346
473 351
474 349
475 350
476 352
477 711
478 354
479 602
480 355
481 356
482 358
483 362
484 359
485 370
486 361
487 368
488 364
489 365
490 367
492 369
494 371
495 372
496 374
497 377
498 375
499 376
500 378
501 402
502 380
503 391
504 381
505 388
506 383
507 386
508 384
509 385
510 387
512 389
513 393
514 390
516 392
517 399
518 394
519 397
520 395
521 396
522 398
524 400
525 401
526 403
527 563
528 405
529 413
530 407
531 411
532 409
533 410
534 412
536 414
537 419
538 415
539 416
540 418
542 420
543 421
544 423
545 447
546 424
547 431
548 426
549 429
550 427
551 428
552 430
554 432
555 438
556 433
558 434
559 435
560 436
561 443
562 437
563 441
564 439
565 440
566 442
568 444
569 446
570 445
571 538
572 448
573 535
574 449
575 460
576 450
577 457
578 452
579 455
580 453
581 454
582 456
584 458
585 486
586 459
588 461
589 492
590 462
591 463
592 464
593 476
594 467
595 471
596 468
597 469
598 470
600 472
602 473
603 474
604 475
606 477
607 478
608 480
609 483
610 481
611 482
612 484
614 485
615 489
616 487
617 488
618 490
620 491
622 493
623 527
624 494
625 497
626 496
627 500
628 498
629 499
630 501
631 526
632 502
633 532
634 504
635 516
636 505
637 511
638 506
639 509
640 507
641 508
642 510
644 512
645 513
646 514
647 515
648 517
650 518
652 519
653 523
654 521
655 522
656 524
658 525
660 528
661 529
662 530
663 531
664 533
665 534
666 536
667 537
668 539
670 540
671 543
672 541
673 542
674 544
676 545
677 546
678 547
680 549
682 551
683 552
684 553
685 554
686 555
687 558
688 556
689 557
690 559
691 560
692 561
693 562
694 564
695 585
696 566
698 567
700 568
702 569
703 570
704 572
705 573
706 575
707 578
708 576
709 577
710 579
711 582
712 580
713 581
714 583
715 584
716 586
717 597
718 587
720 588
721 595
722 589
723 590
724 591
725 592
726 593
727 594
728 596
730 598
731 599
732 600
733 601
734 603
736 604
737 610
738 605
739 608
740 606
741 607
742 609
744 611
746 612
747 613
748 614
749 615
750 616
751 619
752 617
753 618
754 620
755 666
756 623
757 624
758 626
759 628
760 627
761 682
762 629
763 658
764 630
766 631
767 634
768 632
769 633
770 635
771 638
772 636
774 637
775 652
776 639
777 646
778 640
779 641
780 642
781 643
782 644
783 645
784 647
786 649
787 650
788 651
790 653
791 660
792 654
793 655
794 656
795 657
796 659
798 661
799 662
800 663
801 664
802 665
804 667
805 678
806 670
807 673
808 672
809 676
810 674
811 675
812 677
814 679
815 724
816 680
817 681
818 683
819 684
820 685
821 733
822 686
823 731
824 688
825 694
826 689
827 692
828 690
829 691
830 693
832 695
833 696
834 697
835 703
836 698
837 699
838 700
840 701
841 702
842 704
843 709
844 706
845 707
846 708
847 735
848 710
849 729
850 712
851 719
852 713
853 714
854 715
855 716
856 717
857 718
858 720
859 721
860 722
861 723
862 725
863 726
864 727
865 728
866 730
868 732
870 734
871 741
872 736
873 739
874 737
875 738
876 740
878 742
879 743
880 745
881 861
882 748
883 753
884 751
885 752
886 754
887 757
888 755
889 756
890 758
891 778
892 759
893 765
894 760
895 763
896 761
897 762
898 764
900 766
902 768
903 769
904 770
905 772
906 771
907 775
908 773
909 774
910 776
911 777
912 779
913 827
914 780
915 786
916 781
917 784
918 782
919 783
920 785
922 787
923 792
924 788
926 789
927 790
928 791
929 798
930 793
931 796
932 794
933 795
934 797
936 799
937 825
938 802
939 803
940 804
941 837
942 805
943 811
944 806
945 809
946 807
947 808
948 810
950 812
951 813
952 814
953 820
954 815
955 816
956 817
958 818
959 819
960 821
961 822
962 823
963 824
964 826
966 828
968 829
969 847
970 832
971 833
972 835
974 836
976 838
977 841
978 839
979 840
980 842
981 843
982 844
983 845
984 846
986 848
987 904
988 849
990 850
992 851
993 852
994 853
995 902
996 854
997 858
998 855
1000 856
1001 857
1002 859
1003 860
1004 862
1005 900
1006 865
1007 869
1008 867
1009 868
1010 870
1011 873
1012 871
1013 872
1014 874
1015 892
1016 875
1017 884
1018 876
1019 882
1020 877
1021 880
1022 878
1023 879
1024 881
1026 883
1028 885
1029 887
1030 886
1031 890
1032 888
1033 889
1034 891
1035 906
1036 893
1037 898
1038 894
1039 895
1040 896
1041 897
1042 899
1044 901
1046 903
1048 905
1049 914
1050 907
1051 912
1052 910
1053 911
1054 913
1056 915
1057 916
1058 918
1059 919
1060 920
1061 967
1062 923
1063 928
1064 926
1065 927
1066 929
1067 932
1068 930
1069 931
1070 933
1071 952
1072 934
1073 943
1074 935
1075 941
1076 936
1077 939
1078 937
1079 938
1080 940
1082 942
1084 944
1085 946
1086 945
1087 949
1088 947
1089 948
1090 950
1091 951
1092 953
1093 965
1094 954
1095 957
1096 955
1097 956
1098 958
1099 962
1100 959
1101 960
1102 961
1104 963
1105 964
1106 966
1108 968
1110 970
1112 971
1114 972
1115 988
1116 973
1117 977
1118 974
1120 975
1121 976
1122 978
1123 979
1124 980
1125 986
1126 983
1127 984
1128 985
1130 987
1132 989
1133 990
1134 991
1135 999
1136 992
1137 997
1138 995
1139 996
1140 998
1142 1000
1143 1001
1144 1003
1145 1021
1146 1005
1147 1006
1148 1007
1149 1008
1150 1009
1151 1014
1152 1011
1153 1012
1154 1013
1156 1015
1157 1018
1158 1016
1159 1017
1160 1019
1161 1020
1162 1022
