0 0
1 1
2 2
3 150
4 3
5 524
6 4
8 5
10 6
11 136
12 7
14 8
16 9
18 10
19 139
20 11
21 159
22 12
23 156
24 13
25 155
26 14
28 15
30 16
32 17
33 180
34 18
35 179
36 19
37 182
38 20
39 232
40 21
41 191
42 22
43 193
44 23
46 24
48 25
49 214
50 26
51 262
52 27
53 239
54 28
55 238
56 29
57 242
58 30
60 31
61 276
62 32
63 287
64 33
65 286
66 34
67 290
68 35
69 289
70 36
71 299
72 37
73 301
74 38
76 39
77 304
78 40
79 340
80 41
82 42
83 323
84 43
86 44
87 335
88 45
90 46
91 352
92 47
93 348
94 48
95 347
96 49
97 377
98 50
100 51
101 361
102 52
103 412
104 53
105 364
106 54
108 55
109 370
110 56
111 367
112 57
113 383
114 58
116 59
117 386
118 60
120 61
121 426
122 62
123 408
124 63
126 64
127 410
128 65
129 421
130 66
132 67
133 429
134 68
136 69
138 70
139 455
140 71
142 72
143 483
144 73
146 74
147 470
148 75
149 469
150 76
152 77
154 78
155 499
156 79
158 80
159 507
160 81
161 554
162 82
163 552
164 83
165 578
166 84
167 575
168 85
170 86
172 87
173 569
174 88
176 89
177 629
178 90
179 626
180 91
181 625
182 92
183 652
184 93
185 675
186 94
187 673
188 95
189 672
190 96
191 691
192 97
193 709
194 98
196 99
197 751
198 100
199 750
200 101
201 754
202 102
203 753
204 103
206 104
208 105
209 771
210 106
212 107
214 108
215 805
216 109
217 804
218 110
220 111
221 838
222 112
223 835
224 113
225 834
226 114
227 868
228 115
229 867
230 116
231 870
232 117
234 118
235 926
236 119
237 925
238 120
239 929
240 121
241 928
242 122
244 123
245 986
246 124
247 985
248 125
250 126
251 1014
252 127
254 128
255 1008
256 129
258 130
259 1020
260 131
262 132
264 133
266 134
267 1030
268 135
269 146
270 137
271 144
272 138
273 142
274 140
275 141
276 143
278 145
280 147
281 148
282 149
283 153
284 151
285 152
286 154
287 998
288 157
289 158
290 160
291 997
292 161
293 1006
294 162
295 168
296 163
297 166
298 164
299 165
300 167
302 169
304 170
305 171
306 172
307 174
308 173
309 177
310 175
311 176
312 178
313 973
314 181
315 185
316 183
317 184
318 186
319 189
320 187
321 188
322 190
323 211
324 192
325 199
326 194
327 197
328 195
329 196
330 198
332 200
333 201
334 202
335 208
336 203
337 204
338 205
340 206
341 207
342 209
343 210
344 212
345 257
346 213
347 236
348 215
349 224
350 216
351 222
352 217
353 220
354 218
355 219
356 221
358 223
360 225
361 227
362 226
363 230
364 228
365 229
366 231
367 248
368 233
369 234
370 235
372 237
373 254
374 240
375 261
376 241
377 244
378 243
380 245
381 246
382 247
383 251
384 249
385 250
386 252
387 253
388 255
389 256
390 258
391 259
392 260
394 263
395 264
396 265
397 913
398 266
399 272
400 267
401 270
402 268
403 269
404 271
406 273
407 274
408 275
409 283
410 277
411 278
412 279
413 280
414 281
415 282
416 284
417 912
418 285
419 921
420 288
421 293
422 291
423 292
424 294
425 297
426 295
427 296
428 298
429 320
430 300
431 311
432 302
433 309
434 303
435 307
436 305
437 306
438 308
440 310
442 312
443 314
444 313
445 317
446 315
447 316
448 318
449 319
450 321
451 748
452 322
453 329
454 324
455 327
456 325
457 326
458 328
460 330
461 333
462 331
464 332
465 345
466 334
467 338
468 336
469 337
470 339
471 343
472 341
473 342
474 344
476 346
477 357
478 349
479 351
480 350
481 355
482 353
483 354
484 356
485 715
486 358
487 606
488 359
489 360
490 362
491 366
492 363
493 374
494 365
495 372
496 368
497 369
498 371
500 373
502 375
503 376
504 378
505 381
506 379
507 380
508 382
509 406
510 384
511 395
512 385
513 392
514 387
515 390
516 388
517 389
518 391
520 393
521 397
522 394
524 396
525 403
526 398
527 401
528 399
529 400
530 402
532 404
533 405
534 407
535 567
536 409
537 417
538 411
539 415
540 413
541 414
542 416
544 418
545 423
546 419
547 420
548 422
550 424
551 425
552 427
553 451
554 428
555 435
556 430
557 433
558 431
559 432
560 434
562 436
563 442
564 437
566 438
567 439
568 440
569 447
570 441
571 445
572 443
573 444
574 446
576 448
577 450
578 449
579 542
580 452
581 539
582 453
583 464
584 454
585 461
586 456
587 459
588 457
589 458
590 460
592 462
593 490
594 463
596 465
597 496
598 466
599 467
600 468
601 480
602 471
603 475
604 472
605 473
606 474
608 476
610 477
611 478
612 479
614 481
615 482
616 484
617 487
618 485
619 486
620 488
622 489
623 493
624 491
625 492
626 494
628 495
630 497
631 531
632 498
633 501
634 500
635 504
636 502
637 503
638 505
639 530
640 506
641 536
642 508
643 520
644 509
645 515
646 510
647 513
648 511
649 512
650 514
652 516
653 517
654 518
655 519
656 521
658 522
660 523
661 527
662 525
663 526
664 528
666 529
668 532
669 533
670 534
671 535
672 537
673 538
674 540
675 541
676 543
678 544
679 547
680 545
681 546
682 548
684 549
685 550
686 551
688 553
690 555
691 556
692 557
693 558
694 559
695 562
696 560
697 561
698 563
699 564
700 565
701 566
702 568
703 589
704 570
706 571
708 572
710 573
711 574
712 576
713 577
714 579
715 582
716 580
717 581
718 583
719 586
720 584
721 585
722 587
723 588
724 590
725 601
726 591
728 592
729 599
730 593
731 594
732 595
733 596
734 597
735 598
736 600
738 602
739 603
740 604
741 605
742 607
744 608
745 614
746 609
747 612
748 610
749 611
750 613
752 615
754 616
755 617
756 618
757 619
758 620
759 623
760 621
761 622
762 624
763 670
764 627
765 628
766 630
767 632
768 631
769 686
770 633
771 662
772 634
774 635
775 638
776 636
777 637
778 639
779 642
780 640
782 641
783 656
784 643
785 650
786 644
787 645
788 646
789 647
790 648
791 649
792 651
794 653
795 654
796 655
798 657
799 664
800 658
801 659
802 660
803 661
804 663
806 665
807 666
808 667
809 668
810 669
812 671
813 682
814 674
815 677
816 676
817 680
818 678
819 679
820 681
822 683
823 728
824 684
825 685
826 687
827 688
828 689
829 737
830 690
831 735
832 692
833 698
834 693
835 696
836 694
837 695
838 697
840 699
841 700
842 701
843 707
844 702
845 703
846 704
848 705
849 706
850 708
851 713
852 710
853 711
854 712
855 739
856 714
857 733
858 716
859 723
860 717
861 718
862 719
863 720
864 721
865 722
866 724
867 725
868 726
869 727
870 729
871 730
872 731
873 732
874 734
876 736
878 738
879 745
880 740
881 743
882 741
883 742
884 744
886 746
887 747
888 749
889 865
890 752
891 757
892 755
893 756
894 758
895 761
896 759
897 760
898 762
899 782
900 763
901 769
902 764
903 767
904 765
905 766
906 768
908 770
910 772
911 773
912 774
913 776
914 775
915 779
916 777
917 778
918 780
919 781
920 783
921 831
922 784
923 790
924 785
925 788
926 786
927 787
928 789
930 791
931 796
932 792
934 793
935 794
936 795
937 802
938 797
939 800
940 798
941 799
942 801
944 803
945 829
946 806
947 807
948 808
949 841
950 809
951 815
952 810
953 813
954 811
955 812
956 814
958 816
959 817
960 818
961 824
962 819
963 820
964 821
966 822
967 823
968 825
969 826
970 827
971 828
972 830
974 832
976 833
977 851
978 836
979 837
980 839
982 840
984 842
985 845
986 843
987 844
988 846
989 847
990 848
991 849
992 850
994 852
995 908
996 853
998 854
1000 855
1001 856
1002 857
1003 906
1004 858
1005 862
1006 859
1008 860
1009 861
1010 863
1011 864
1012 866
1013 904
1014 869
1015 873
1016 871
1017 872
1018 874
1019 877
1020 875
1021 876
1022 878
1023 896
1024 879
1025 888
1026 880
1027 886
1028 881
1029 884
1030 882
1031 883
1032 885
1034 887
1036 889
1037 891
1038 890
1039 894
1040 892
1041 893
1042 895
1043 910
1044 897
1045 902
1046 898
1047 899
1048 900
1049 901
1050 903
1052 905
1054 907
1056 909
1057 918
1058 911
1059 916
1060 914
1061 915
1062 917
1064 919
1065 920
1066 922
1067 923
1068 924
1069 971
1070 927
1071 932
1072 930
1073 931
1074 933
1075 936
1076 934
1077 935
1078 937
1079 956
1080 938
1081 947
1082 939
1083 945
1084 940
1085 943
1086 941
1087 942
1088 944
1090 946
1092 948
1093 950
1094 949
1095 953
1096 951
1097 952
1098 954
1099 955
1100 957
1101 969
1102 958
1103 961
1104 959
1105 960
1106 962
1107 966
1108 963
1109 964
1110 965
1112 967
1113 968
1114 970
1116 972
1118 974
1120 975
1122 976
1123 992
1124 977
1125 981
1126 978
1128 979
1129 980
1130 982
1131 983
1132 984
1133 990
1134 987
1135 988
1136 989
1138 991
1140 993
1141 994
1142 995
1143 1003
1144 996
1145 1001
1146 999
1147 1000
1148 1002
1150 1004
1151 1005
1152 1007
1153 1027
1154 1009
1155 1010
1156 1011
1157 1012
1158 1013
1159 1018
1160 1015
1161 1016
1162 1017
1164 1019
1165 1024
1166 1021
1168 1022
1169 1023
1170 1025
1171 1026
1172 1028
1173 1035
1174 1029
1175 1033
1176 1031
1177 1032
1178 1034
1180 1036
