0 0
1 1
2 2
3 157
4 3
5 532
6 4
8 5
10 6
11 143
12 7
14 8
16 9
18 10
19 146
20 11
21 164
22 12
23 163
24 13
26 14
28 15
30 16
31 188
32 17
33 187
34 18
35 190
36 19
37 240
38 20
39 199
40 21
41 201
42 22
44 23
46 24
47 222
48 25
49 270
50 26
51 247
52 27
53 246
54 28
55 250
56 29
58 30
59 284
60 31
61 295
62 32
63 294
64 33
65 298
66 34
67 297
68 35
69 307
70 36
71 309
72 37
74 38
75 312
76 39
77 348
78 40
80 41
81 331
82 42
84 43
85 343
86 44
88 45
89 360
90 46
91 356
92 47
93 355
94 48
95 385
96 49
98 50
99 369
100 51
101 420
102 52
103 372
104 53
106 54
107 378
108 55
109 375
110 56
111 391
112 57
114 58
115 394
116 59
118 60
119 434
120 61
121 416
122 62
124 63
125 418
126 64
127 429
128 65
130 66
131 437
132 67
134 68
136 69
137 463
138 70
140 71
141 491
142 72
144 73
145 478
146 74
147 477
148 75
150 76
152 77
153 507
154 78
156 79
157 515
158 80
159 562
160 81
161 560
162 82
163 586
164 83
165 583
166 84
168 85
170 86
171 577
172 87
174 88
175 637
176 89
177 634
178 90
179 633
180 91
181 660
182 92
183 683
184 93
185 681
186 94
187 680
188 95
189 699
190 96
191 717
192 97
194 98
195 759
196 99
197 758
198 100
199 762
200 101
201 761
202 102
204 103
206 104
207 779
208 105
210 106
212 107
213 813
214 108
215 812
216 109
218 110
219 846
220 111
221 843
222 112
223 842
224 113
225 876
226 114
227 875
228 115
229 878
230 116
232 117
233 934
234 118
235 933
236 119
237 937
238 120
239 936
240 121
242 122
243 994
244 123
245 993
246 124
248 125
250 126
252 127
253 1034
254 128
255 1033
256 129
258 130
259 1036
260 131
261 1045
262 132
264 133
266 134
267 1073
268 135
270 136
271 1103
272 137
274 138
275 1098
276 139
278 140
280 141
281 1136
282 142
283 153
284 144
285 151
286 145
287 149
288 147
289 148
290 150
292 152
294 154
295 155
296 156
297 160
298 158
299 159
300 161
301 1006
302 162
303 167
304 165
305 166
306 168
307 1005
308 169
309 1014
310 170
311 176
312 171
313 174
314 172
315 173
316 175
318 177
320 178
321 179
322 180
323 182
324 181
325 185
326 183
327 184
328 186
329 981
330 189
331 193
332 191
333 192
334 194
335 197
336 195
337 196
338 198
339 219
340 200
341 207
342 202
343 205
344 203
345 204
346 206
348 208
349 209
350 210
351 216
352 211
353 212
354 213
356 214
357 215
358 217
359 218
360 220
361 265
362 221
363 244
364 223
365 232
366 224
367 230
368 225
369 228
370 226
371 227
372 229
374 231
376 233
377 235
378 234
379 238
380 236
381 237
382 239
383 256
384 241
385 242
386 243
388 245
389 262
390 248
391 269
392 249
393 252
394 251
396 253
397 254
398 255
399 259
400 257
401 258
402 260
403 261
404 263
405 264
406 266
407 267
408 268
410 271
411 272
412 273
413 921
414 274
415 280
416 275
417 278
418 276
419 277
420 279
422 281
423 282
424 283
425 291
426 285
427 286
428 287
429 288
430 289
431 290
432 292
433 920
434 293
435 929
436 296
437 301
438 299
439 300
440 302
441 305
442 303
443 304
444 306
445 328
446 308
447 319
448 310
449 317
450 311
451 315
452 313
453 314
454 316
456 318
458 320
459 322
460 321
461 325
462 323
463 324
464 326
465 327
466 329
467 756
468 330
469 337
470 332
471 335
472 333
473 334
474 336
476 338
477 341
478 339
480 340
481 353
482 342
483 346
484 344
485 345
486 347
487 351
488 349
489 350
490 352
492 354
493 365
494 357
495 359
496 358
497 363
498 361
499 362
500 364
501 723
502 366
503 614
504 367
505 368
506 370
507 374
508 371
509 382
510 373
511 380
512 376
513 377
514 379
516 381
518 383
519 384
520 386
521 389
522 387
523 388
524 390
525 414
526 392
527 403
528 393
529 400
530 395
531 398
532 396
533 397
534 399
536 401
537 405
538 402
540 404
541 411
542 406
543 409
544 407
545 408
546 410
548 412
549 413
550 415
551 575
552 417
553 425
554 419
555 423
556 421
557 422
558 424
560 426
561 431
562 427
563 428
564 430
566 432
567 433
568 435
569 459
570 436
571 443
572 438
573 441
574 439
575 440
576 442
578 444
579 450
580 445
582 446
583 447
584 448
585 455
586 449
587 453
588 451
589 452
590 454
592 456
593 458
594 457
595 550
596 460
597 547
598 461
599 472
600 462
601 469
602 464
603 467
604 465
605 466
606 468
608 470
609 498
610 471
612 473
613 504
614 474
615 475
616 476
617 488
618 479
619 483
620 480
621 481
622 482
624 484
626 485
627 486
628 487
630 489
631 490
632 492
633 495
634 493
635 494
636 496
638 497
639 501
640 499
641 500
642 502
644 503
646 505
647 539
648 506
649 509
650 508
651 512
652 510
653 511
654 513
655 538
656 514
657 544
658 516
659 528
660 517
661 523
662 518
663 521
664 519
665 520
666 522
668 524
669 525
670 526
671 527
672 529
674 530
676 531
677 535
678 533
679 534
680 536
682 537
684 540
685 541
686 542
687 543
688 545
689 546
690 548
691 549
692 551
694 552
695 555
696 553
697 554
698 556
700 557
701 558
702 559
704 561
706 563
707 564
708 565
709 566
710 567
711 570
712 568
713 569
714 571
715 572
716 573
717 574
718 576
719 597
720 578
722 579
724 580
726 581
727 582
728 584
729 585
730 587
731 590
732 588
733 589
734 591
735 594
736 592
737 593
738 595
739 596
740 598
741 609
742 599
744 600
745 607
746 601
747 602
748 603
749 604
750 605
751 606
752 608
754 610
755 611
756 612
757 613
758 615
760 616
761 622
762 617
763 620
764 618
765 619
766 621
768 623
770 624
771 625
772 626
773 627
774 628
775 631
776 629
777 630
778 632
779 678
780 635
781 636
782 638
783 640
784 639
785 694
786 641
787 670
788 642
790 643
791 646
792 644
793 645
794 647
795 650
796 648
798 649
799 664
800 651
801 658
802 652
803 653
804 654
805 655
806 656
807 657
808 659
810 661
811 662
812 663
814 665
815 672
816 666
817 667
818 668
819 669
820 671
822 673
823 674
824 675
825 676
826 677
828 679
829 690
830 682
831 685
832 684
833 688
834 686
835 687
836 689
838 691
839 736
840 692
841 693
842 695
843 696
844 697
845 745
846 698
847 743
848 700
849 706
850 701
851 704
852 702
853 703
854 705
856 707
857 708
858 709
859 715
860 710
861 711
862 712
864 713
865 714
866 716
867 721
868 718
869 719
870 720
871 747
872 722
873 741
874 724
875 731
876 725
877 726
878 727
879 728
880 729
881 730
882 732
883 733
884 734
885 735
886 737
887 738
888 739
889 740
890 742
892 744
894 746
895 753
896 748
897 751
898 749
899 750
900 752
902 754
903 755
904 757
905 873
906 760
907 765
908 763
909 764
910 766
911 769
912 767
913 768
914 770
915 790
916 771
917 777
918 772
919 775
920 773
921 774
922 776
924 778
926 780
927 781
928 782
929 784
930 783
931 787
932 785
933 786
934 788
935 789
936 791
937 839
938 792
939 798
940 793
941 796
942 794
943 795
944 797
946 799
947 804
948 800
950 801
951 802
952 803
953 810
954 805
955 808
956 806
957 807
958 809
960 811
961 837
962 814
963 815
964 816
965 849
966 817
967 823
968 818
969 821
970 819
971 820
972 822
974 824
975 825
976 826
977 832
978 827
979 828
980 829
982 830
983 831
984 833
985 834
986 835
987 836
988 838
990 840
992 841
993 859
994 844
995 845
996 847
998 848
1000 850
1001 853
1002 851
1003 852
1004 854
1005 855
1006 856
1007 857
1008 858
1010 860
1011 916
1012 861
1014 862
1016 863
1017 864
1018 865
1019 914
1020 866
1021 870
1022 867
1024 868
1025 869
1026 871
1027 872
1028 874
1029 912
1030 877
1031 881
1032 879
1033 880
1034 882
1035 885
1036 883
1037 884
1038 886
1039 904
1040 887
1041 896
1042 888
1043 894
1044 889
1045 892
1046 890
1047 891
1048 893
1050 895
1052 897
1053 899
1054 898
1055 902
1056 900
1057 901
1058 903
1059 918
1060 905
1061 910
1062 906
1063 907
1064 908
1065 909
1066 911
1068 913
1070 915
1072 917
1073 926
1074 919
1075 924
1076 922
1077 923
1078 925
1080 927
1081 928
1082 930
1083 931
1084 932
1085 979
1086 935
1087 940
1088 938
1089 939
1090 941
1091 944
1092 942
1093 943
1094 945
1095 964
1096 946
1097 955
1098 947
1099 953
1100 948
1101 951
1102 949
1103 950
1104 952
1106 954
1108 956
1109 958
1110 957
1111 961
1112 959
1113 960
1114 962
1115 963
1116 965
1117 977
1118 966
1119 969
1120 967
1121 968
1122 970
1123 974
1124 971
1125 972
1126 973
1128 975
1129 976
1130 978
1132 980
1134 982
1136 983
1138 984
1139 1000
1140 985
1141 989
1142 986
1144 987
1145 988
1146 990
1147 991
1148 992
1149 998
1150 995
1151 996
1152 997
1154 999
1156 1001
1157 1002
1158 1003
1159 1011
1160 1004
1161 1009
1162 1007
1163 1008
1164 1010
1166 1012
1167 1013
1168 1015
1169 1112
1170 1016
1171 1022
1172 1017
1173 1020
1174 1018
1175 1019
1176 1021
1178 1023
1179 1024
1180 1025
1181 1031
1182 1026
1183 1027
1184 1028
1186 1029
1187 1030
1188 1032
1189 1115
1190 1035
1191 1040
1192 1037
1193 1038
1194 1039
1195 1043
1196 1041
1197 1042
1198 1044
1199 1091
1200 1046
1201 1052
1202 1047
1203 1050
1204 1048
1205 1049
1206 1051
1208 1053
1209 1054
1210 1055
1211 1061
1212 1056
1213 1057
1214 1058
1216 1059
1217 1060
1218 1062
1219 1117
1220 1063
1222 1064
1223 1065
1224 1066
1225 1067
1226 1068
1227 1069
1228 1070
1229 1071
1230 1072
1231 1095
1232 1074
1233 1083
1234 1075
1235 1081
1236 1076
1237 1079
1238 1077
1239 1078
1240 1080
1242 1082
1244 1084
1245 1085
1246 1086
1247 1089
1248 1087
1249 1088
1250 1090
1252 1092
1253 1093
1254 1094
1256 1096
1257 1109
1258 1097
1259 1105
1260 1099
1261 1100
1262 1101
1263 1102
1264 1104
1265 1131
1266 1106
1268 1107
1269 1108
1270 1110
1271 1111
1272 1113
1273 1127
1274 1114
1275 1125
1276 1116
1277 1120
1278 1118
1279 1119
1280 1121
1281 1122
1282 1123
1283 1124
1284 1126
1286 1128
1288 1129
1289 1130
1290 1132
1291 1133
1292 1134
1293 1135
1294 1137
1296 1138
