0 0
1 1
2 2
3 164
4 3
5 539
6 4
8 5
10 6
11 150
12 7
14 8
16 9
18 10
19 153
20 11
21 171
22 12
23 170
24 13
26 14
28 15
30 16
31 195
32 17
33 194
34 18
35 197
36 19
37 247
38 20
39 206
40 21
41 208
42 22
44 23
46 24
47 229
48 25
49 277
50 26
51 254
52 27
53 253
54 28
55 257
56 29
58 30
59 291
60 31
61 302
62 32
63 301
64 33
65 305
66 34
67 304
68 35
69 314
70 36
71 316
72 37
74 38
75 319
76 39
77 355
78 40
80 41
81 338
82 42
84 43
85 350
86 44
88 45
89 367
90 46
91 363
92 47
93 362
94 48
95 392
96 49
98 50
99 376
100 51
101 427
102 52
103 379
104 53
106 54
107 385
108 55
109 382
110 56
111 398
112 57
114 58
115 401
116 59
118 60
119 441
120 61
121 423
122 62
124 63
125 425
126 64
127 436
128 65
130 66
131 444
132 67
134 68
136 69
137 470
138 70
140 71
141 498
142 72
144 73
145 485
146 74
147 484
148 75
150 76
152 77
153 514
154 78
156 79
157 522
158 80
159 569
160 81
161 567
162 82
163 593
164 83
165 590
166 84
168 85
170 86
171 584
172 87
174 88
175 644
176 89
177 641
178 90
179 640
180 91
181 667
182 92
183 690
184 93
185 688
186 94
187 687
188 95
189 706
190 96
191 724
192 97
194 98
195 766
196 99
197 765
198 100
199 769
200 101
201 768
202 102
204 103
206 104
207 786
208 105
210 106
212 107
213 820
214 108
215 819
216 109
218 110
219 853
220 111
221 850
222 112
223 849
224 113
225 883
226 114
227 882
228 115
229 885
230 116
232 117
233 941
234 118
235 940
236 119
237 944
238 120
239 943
240 121
242 122
243 1001
244 123
245 1000
246 124
248 125
250 126
252 127
253 1041
254 128
255 1040
256 129
258 130
259 1043
260 131
261 1052
262 132
264 133
266 134
267 1080
268 135
270 136
271 1110
272 137
274 138
275 1105
276 139
277 1124
278 140
280 141
281 1121
282 142
283 1126
284 143
286 144
287 1167
288 145
290 146
292 147
294 148
295 1170
296 149
297 160
298 151
299 158
300 152
301 156
302 154
303 155
304 157
306 159
308 161
309 162
310 163
311 167
312 165
313 166
314 168
315 1013
316 169
317 174
318 172
319 173
320 175
321 1012
322 176
323 1021
324 177
325 183
326 178
327 181
328 179
329 180
330 182
332 184
334 185
335 186
336 187
337 189
338 188
339 192
340 190
341 191
342 193
343 988
344 196
345 200
346 198
347 199
348 201
349 204
350 202
351 203
352 205
353 226
354 207
355 214
356 209
357 212
358 210
359 211
360 213
362 215
363 216
364 217
365 223
366 218
367 219
368 220
370 221
371 222
372 224
373 225
374 227
375 272
376 228
377 251
378 230
379 239
380 231
381 237
382 232
383 235
384 233
385 234
386 236
388 238
390 240
391 242
392 241
393 245
394 243
395 244
396 246
397 263
398 248
399 249
400 250
402 252
403 269
404 255
405 276
406 256
407 259
408 258
410 260
411 261
412 262
413 266
414 264
415 265
416 267
417 268
418 270
419 271
420 273
421 274
422 275
424 278
425 279
426 280
427 928
428 281
429 287
430 282
431 285
432 283
433 284
434 286
436 288
437 289
438 290
439 298
440 292
441 293
442 294
443 295
444 296
445 297
446 299
447 927
448 300
449 936
450 303
451 308
452 306
453 307
454 309
455 312
456 310
457 311
458 313
459 335
460 315
461 326
462 317
463 324
464 318
465 322
466 320
467 321
468 323
470 325
472 327
473 329
474 328
475 332
476 330
477 331
478 333
479 334
480 336
481 763
482 337
483 344
484 339
485 342
486 340
487 341
488 343
490 345
491 348
492 346
494 347
495 360
496 349
497 353
498 351
499 352
500 354
501 358
502 356
503 357
504 359
506 361
507 372
508 364
509 366
510 365
511 370
512 368
513 369
514 371
515 730
516 373
517 621
518 374
519 375
520 377
521 381
522 378
523 389
524 380
525 387
526 383
527 384
528 386
530 388
532 390
533 391
534 393
535 396
536 394
537 395
538 397
539 421
540 399
541 410
542 400
543 407
544 402
545 405
546 403
547 404
548 406
550 408
551 412
552 409
554 411
555 418
556 413
557 416
558 414
559 415
560 417
562 419
563 420
564 422
565 582
566 424
567 432
568 426
569 430
570 428
571 429
572 431
574 433
575 438
576 434
577 435
578 437
580 439
581 440
582 442
583 466
584 443
585 450
586 445
587 448
588 446
589 447
590 449
592 451
593 457
594 452
596 453
597 454
598 455
599 462
600 456
601 460
602 458
603 459
604 461
606 463
607 465
608 464
609 557
610 467
611 554
612 468
613 479
614 469
615 476
616 471
617 474
618 472
619 473
620 475
622 477
623 505
624 478
626 480
627 511
628 481
629 482
630 483
631 495
632 486
633 490
634 487
635 488
636 489
638 491
640 492
641 493
642 494
644 496
645 497
646 499
647 502
648 500
649 501
650 503
652 504
653 508
654 506
655 507
656 509
658 510
660 512
661 546
662 513
663 516
664 515
665 519
666 517
667 518
668 520
669 545
670 521
671 551
672 523
673 535
674 524
675 530
676 525
677 528
678 526
679 527
680 529
682 531
683 532
684 533
685 534
686 536
688 537
690 538
691 542
692 540
693 541
694 543
696 544
698 547
699 548
700 549
701 550
702 552
703 553
704 555
705 556
706 558
708 559
709 562
710 560
711 561
712 563
714 564
715 565
716 566
718 568
720 570
721 571
722 572
723 573
724 574
725 577
726 575
727 576
728 578
729 579
730 580
731 581
732 583
733 604
734 585
736 586
738 587
740 588
741 589
742 591
743 592
744 594
745 597
746 595
747 596
748 598
749 601
750 599
751 600
752 602
753 603
754 605
755 616
756 606
758 607
759 614
760 608
761 609
762 610
763 611
764 612
765 613
766 615
768 617
769 618
770 619
771 620
772 622
774 623
775 629
776 624
777 627
778 625
779 626
780 628
782 630
784 631
785 632
786 633
787 634
788 635
789 638
790 636
791 637
792 639
793 685
794 642
795 643
796 645
797 647
798 646
799 701
800 648
801 677
802 649
804 650
805 653
806 651
807 652
808 654
809 657
810 655
812 656
813 671
814 658
815 665
816 659
817 660
818 661
819 662
820 663
821 664
822 666
824 668
825 669
826 670
828 672
829 679
830 673
831 674
832 675
833 676
834 678
836 680
837 681
838 682
839 683
840 684
842 686
843 697
844 689
845 692
846 691
847 695
848 693
849 694
850 696
852 698
853 743
854 699
855 700
856 702
857 703
858 704
859 752
860 705
861 750
862 707
863 713
864 708
865 711
866 709
867 710
868 712
870 714
871 715
872 716
873 722
874 717
875 718
876 719
878 720
879 721
880 723
881 728
882 725
883 726
884 727
885 754
886 729
887 748
888 731
889 738
890 732
891 733
892 734
893 735
894 736
895 737
896 739
897 740
898 741
899 742
900 744
901 745
902 746
903 747
904 749
906 751
908 753
909 760
910 755
911 758
912 756
913 757
914 759
916 761
917 762
918 764
919 880
920 767
921 772
922 770
923 771
924 773
925 776
926 774
927 775
928 777
929 797
930 778
931 784
932 779
933 782
934 780
935 781
936 783
938 785
940 787
941 788
942 789
943 791
944 790
945 794
946 792
947 793
948 795
949 796
950 798
951 846
952 799
953 805
954 800
955 803
956 801
957 802
958 804
960 806
961 811
962 807
964 808
965 809
966 810
967 817
968 812
969 815
970 813
971 814
972 816
974 818
975 844
976 821
977 822
978 823
979 856
980 824
981 830
982 825
983 828
984 826
985 827
986 829
988 831
989 832
990 833
991 839
992 834
993 835
994 836
996 837
997 838
998 840
999 841
1000 842
1001 843
1002 845
1004 847
1006 848
1007 866
1008 851
1009 852
1010 854
1012 855
1014 857
1015 860
1016 858
1017 859
1018 861
1019 862
1020 863
1021 864
1022 865
1024 867
1025 923
1026 868
1028 869
1030 870
1031 871
1032 872
1033 921
1034 873
1035 877
1036 874
1038 875
1039 876
1040 878
1041 879
1042 881
1043 919
1044 884
1045 888
1046 886
1047 887
1048 889
1049 892
1050 890
1051 891
1052 893
1053 911
1054 894
1055 903
1056 895
1057 901
1058 896
1059 899
1060 897
1061 898
1062 900
1064 902
1066 904
1067 906
1068 905
1069 909
1070 907
1071 908
1072 910
1073 925
1074 912
1075 917
1076 913
1077 914
1078 915
1079 916
1080 918
1082 920
1084 922
1086 924
1087 933
1088 926
1089 931
1090 929
1091 930
1092 932
1094 934
1095 935
1096 937
1097 938
1098 939
1099 986
1100 942
1101 947
1102 945
1103 946
1104 948
1105 951
1106 949
1107 950
1108 952
1109 971
1110 953
1111 962
1112 954
1113 960
1114 955
1115 958
1116 956
1117 957
1118 959
1120 961
1122 963
1123 965
1124 964
1125 968
1126 966
1127 967
1128 969
1129 970
1130 972
1131 984
1132 973
1133 976
1134 974
1135 975
1136 977
1137 981
1138 978
1139 979
1140 980
1142 982
1143 983
1144 985
1146 987
1148 989
1150 990
1152 991
1153 1007
1154 992
1155 996
1156 993
1158 994
1159 995
1160 997
1161 998
1162 999
1163 1005
1164 1002
1165 1003
1166 1004
1168 1006
1170 1008
1171 1009
1172 1010
1173 1018
1174 1011
1175 1016
1176 1014
1177 1015
1178 1017
1180 1019
1181 1020
1182 1022
1183 1119
1184 1023
1185 1029
1186 1024
1187 1027
1188 1025
1189 1026
1190 1028
1192 1030
1193 1031
1194 1032
1195 1038
1196 1033
1197 1034
1198 1035
1200 1036
1201 1037
1202 1039
1203 1145
1204 1042
1205 1047
1206 1044
1207 1045
1208 1046
1209 1050
1210 1048
1211 1049
1212 1051
1213 1098
1214 1053
1215 1059
1216 1054
1217 1057
1218 1055
1219 1056
1220 1058
1222 1060
1223 1061
1224 1062
1225 1068
1226 1063
1227 1064
1228 1065
1230 1066
1231 1067
1232 1069
1233 1147
1234 1070
1236 1071
1237 1072
1238 1073
1239 1074
1240 1075
1241 1076
1242 1077
1243 1078
1244 1079
1245 1102
1246 1081
1247 1090
1248 1082
1249 1088
1250 1083
1251 1086
1252 1084
1253 1085
1254 1087
1256 1089
1258 1091
1259 1092
1260 1093
1261 1096
1262 1094
1263 1095
1264 1097
1266 1099
1267 1100
1268 1101
1270 1103
1271 1116
1272 1104
1273 1112
1274 1106
1275 1107
1276 1108
1277 1109
1278 1111
1279 1161
1280 1113
1282 1114
1283 1115
1284 1117
1285 1118
1286 1120
1287 1157
1288 1122
1289 1123
1290 1125
1291 1196
1292 1127
1293 1136
1294 1128
1295 1134
1296 1129
1297 1132
1298 1130
1299 1131
1300 1133
1302 1135
1304 1137
1305 1138
1306 1139
1307 1142
1308 1140
1309 1141
1310 1143
1311 1195
1312 1144
1313 1155
1314 1146
1315 1150
1316 1148
1317 1149
1318 1151
1319 1152
1320 1153
1321 1154
1322 1156
1324 1158
1326 1159
1327 1160
1328 1162
1329 1163
1330 1164
1331 1189
1332 1165
1333 1166
1334 1168
1335 1193
1336 1169
1337 1179
1338 1171
1339 1177
1340 1172
1341 1175
1342 1173
1343 1174
1344 1176
1346 1178
1348 1180
1349 1181
1350 1182
1351 1185
1352 1183
1353 1184
1354 1186
1355 1192
1356 1187
1357 1188
1358 1190
1360 1191
1361 1204
1362 1194
1363 1199
1364 1197
1365 1198
1366 1200
1367 1201
1368 1202
1369 1203
1370 1205
