0 0
1 1
2 2
3 167
4 3
5 542
6 4
8 5
10 6
11 153
12 7
14 8
16 9
18 10
19 156
20 11
21 174
22 12
23 173
24 13
26 14
28 15
30 16
31 198
32 17
33 197
34 18
35 200
36 19
37 250
38 20
39 209
40 21
41 211
42 22
44 23
46 24
47 232
48 25
49 280
50 26
51 257
52 27
53 256
54 28
55 260
56 29
58 30
59 294
60 31
61 305
62 32
63 304
64 33
65 308
66 34
67 307
68 35
69 317
70 36
71 319
72 37
74 38
75 322
76 39
77 358
78 40
80 41
81 341
82 42
84 43
85 353
86 44
88 45
89 370
90 46
91 366
92 47
93 365
94 48
95 395
96 49
98 50
99 379
100 51
101 430
102 52
103 382
104 53
106 54
107 388
108 55
109 385
110 56
111 401
112 57
114 58
115 404
116 59
118 60
119 444
120 61
121 426
122 62
124 63
125 428
126 64
127 439
128 65
130 66
131 447
132 67
134 68
136 69
137 473
138 70
140 71
141 501
142 72
144 73
145 488
146 74
147 487
148 75
150 76
152 77
153 517
154 78
156 79
157 525
158 80
159 572
160 81
161 570
162 82
163 596
164 83
165 593
166 84
168 85
170 86
171 587
172 87
174 88
175 647
176 89
177 644
178 90
179 643
180 91
181 670
182 92
183 693
184 93
185 691
186 94
187 690
188 95
189 709
190 96
191 727
192 97
194 98
195 769
196 99
197 768
198 100
199 772
200 101
201 771
202 102
204 103
206 104
207 789
208 105
210 106
212 107
213 823
214 108
215 822
216 109
218 110
219 856
220 111
221 853
222 112
223 852
224 113
225 886
226 114
227 885
228 115
229 888
230 116
232 117
233 944
234 118
235 943
236 119
237 947
238 120
239 946
240 121
242 122
243 1004
244 123
245 1003
246 124
248 125
250 126
252 127
253 1044
254 128
255 1043
256 129
258 130
259 1046
260 131
261 1055
262 132
264 133
266 134
267 1083
268 135
270 136
271 1113
272 137
274 138
275 1108
276 139
277 1127
278 140
280 141
281 1124
282 142
283 1129
284 143
286 144
287 1170
288 145
290 146
292 147
294 148
295 1173
296 149
298 150
299 1209
300 151
301 1212
302 152
303 163
304 154
305 161
306 155
307 159
308 157
309 158
310 160
312 162
314 164
315 165
316 166
317 170
318 168
319 169
320 171
321 1016
322 172
323 177
324 175
325 176
326 178
327 1015
328 179
329 1024
330 180
331 186
332 181
333 184
334 182
335 183
336 185
338 187
340 188
341 189
342 190
343 192
344 191
345 195
346 193
347 194
348 196
349 991
350 199
351 203
352 201
353 202
354 204
355 207
356 205
357 206
358 208
359 229
360 210
361 217
362 212
363 215
364 213
365 214
366 216
368 218
369 219
370 220
371 226
372 221
373 222
374 223
376 224
377 225
378 227
379 228
380 230
381 275
382 231
383 254
384 233
385 242
386 234
387 240
388 235
389 238
390 236
391 237
392 239
394 241
396 243
397 245
398 244
399 248
400 246
401 247
402 249
403 266
404 251
405 252
406 253
408 255
409 272
410 258
411 279
412 259
413 262
414 261
416 263
417 264
418 265
419 269
420 267
421 268
422 270
423 271
424 273
425 274
426 276
427 277
428 278
430 281
431 282
432 283
433 931
434 284
435 290
436 285
437 288
438 286
439 287
440 289
442 291
443 292
444 293
445 301
446 295
447 296
448 297
449 298
450 299
451 300
452 302
453 930
454 303
455 939
456 306
457 311
458 309
459 310
460 312
461 315
462 313
463 314
464 316
465 338
466 318
467 329
468 320
469 327
470 321
471 325
472 323
473 324
474 326
476 328
478 330
479 332
480 331
481 335
482 333
483 334
484 336
485 337
486 339
487 766
488 340
489 347
490 342
491 345
492 343
493 344
494 346
496 348
497 351
498 349
500 350
501 363
502 352
503 356
504 354
505 355
506 357
507 361
508 359
509 360
510 362
512 364
513 375
514 367
515 369
516 368
517 373
518 371
519 372
520 374
521 733
522 376
523 624
524 377
525 378
526 380
527 384
528 381
529 392
530 383
531 390
532 386
533 387
534 389
536 391
538 393
539 394
540 396
541 399
542 397
543 398
544 400
545 424
546 402
547 413
548 403
549 410
550 405
551 408
552 406
553 407
554 409
556 411
557 415
558 412
560 414
561 421
562 416
563 419
564 417
565 418
566 420
568 422
569 423
570 425
571 585
572 427
573 435
574 429
575 433
576 431
577 432
578 434
580 436
581 441
582 437
583 438
584 440
586 442
587 443
588 445
589 469
590 446
591 453
592 448
593 451
594 449
595 450
596 452
598 454
599 460
600 455
602 456
603 457
604 458
605 465
606 459
607 463
608 461
609 462
610 464
612 466
613 468
614 467
615 560
616 470
617 557
618 471
619 482
620 472
621 479
622 474
623 477
624 475
625 476
626 478
628 480
629 508
630 481
632 483
633 514
634 484
635 485
636 486
637 498
638 489
639 493
640 490
641 491
642 492
644 494
646 495
647 496
648 497
650 499
651 500
652 502
653 505
654 503
655 504
656 506
658 507
659 511
660 509
661 510
662 512
664 513
666 515
667 549
668 516
669 519
670 518
671 522
672 520
673 521
674 523
675 548
676 524
677 554
678 526
679 538
680 527
681 533
682 528
683 531
684 529
685 530
686 532
688 534
689 535
690 536
691 537
692 539
694 540
696 541
697 545
698 543
699 544
700 546
702 547
704 550
705 551
706 552
707 553
708 555
709 556
710 558
711 559
712 561
714 562
715 565
716 563
717 564
718 566
720 567
721 568
722 569
724 571
726 573
727 574
728 575
729 576
730 577
731 580
732 578
733 579
734 581
735 582
736 583
737 584
738 586
739 607
740 588
742 589
744 590
746 591
747 592
748 594
749 595
750 597
751 600
752 598
753 599
754 601
755 604
756 602
757 603
758 605
759 606
760 608
761 619
762 609
764 610
765 617
766 611
767 612
768 613
769 614
770 615
771 616
772 618
774 620
775 621
776 622
777 623
778 625
780 626
781 632
782 627
783 630
784 628
785 629
786 631
788 633
790 634
791 635
792 636
793 637
794 638
795 641
796 639
797 640
798 642
799 688
800 645
801 646
802 648
803 650
804 649
805 704
806 651
807 680
808 652
810 653
811 656
812 654
813 655
814 657
815 660
816 658
818 659
819 674
820 661
821 668
822 662
823 663
824 664
825 665
826 666
827 667
828 669
830 671
831 672
832 673
834 675
835 682
836 676
837 677
838 678
839 679
840 681
842 683
843 684
844 685
845 686
846 687
848 689
849 700
850 692
851 695
852 694
853 698
854 696
855 697
856 699
858 701
859 746
860 702
861 703
862 705
863 706
864 707
865 755
866 708
867 753
868 710
869 716
870 711
871 714
872 712
873 713
874 715
876 717
877 718
878 719
879 725
880 720
881 721
882 722
884 723
885 724
886 726
887 731
888 728
889 729
890 730
891 757
892 732
893 751
894 734
895 741
896 735
897 736
898 737
899 738
900 739
901 740
902 742
903 743
904 744
905 745
906 747
907 748
908 749
909 750
910 752
912 754
914 756
915 763
916 758
917 761
918 759
919 760
920 762
922 764
923 765
924 767
925 883
926 770
927 775
928 773
929 774
930 776
931 779
932 777
933 778
934 780
935 800
936 781
937 787
938 782
939 785
940 783
941 784
942 786
944 788
946 790
947 791
948 792
949 794
950 793
951 797
952 795
953 796
954 798
955 799
956 801
957 849
958 802
959 808
960 803
961 806
962 804
963 805
964 807
966 809
967 814
968 810
970 811
971 812
972 813
973 820
974 815
975 818
976 816
977 817
978 819
980 821
981 847
982 824
983 825
984 826
985 859
986 827
987 833
988 828
989 831
990 829
991 830
992 832
994 834
995 835
996 836
997 842
998 837
999 838
1000 839
1002 840
1003 841
1004 843
1005 844
1006 845
1007 846
1008 848
1010 850
1012 851
1013 869
1014 854
1015 855
1016 857
1018 858
1020 860
1021 863
1022 861
1023 862
1024 864
1025 865
1026 866
1027 867
1028 868
1030 870
1031 926
1032 871
1034 872
1036 873
1037 874
1038 875
1039 924
1040 876
1041 880
1042 877
1044 878
1045 879
1046 881
1047 882
1048 884
1049 922
1050 887
1051 891
1052 889
1053 890
1054 892
1055 895
1056 893
1057 894
1058 896
1059 914
1060 897
1061 906
1062 898
1063 904
1064 899
1065 902
1066 900
1067 901
1068 903
1070 905
1072 907
1073 909
1074 908
1075 912
1076 910
1077 911
1078 913
1079 928
1080 915
1081 920
1082 916
1083 917
1084 918
1085 919
1086 921
1088 923
1090 925
1092 927
1093 936
1094 929
1095 934
1096 932
1097 933
1098 935
1100 937
1101 938
1102 940
1103 941
1104 942
1105 989
1106 945
1107 950
1108 948
1109 949
1110 951
1111 954
1112 952
1113 953
1114 955
1115 974
1116 956
1117 965
1118 957
1119 963
1120 958
1121 961
1122 959
1123 960
1124 962
1126 964
1128 966
1129 968
1130 967
1131 971
1132 969
1133 970
1134 972
1135 973
1136 975
1137 987
1138 976
1139 979
1140 977
1141 978
1142 980
1143 984
1144 981
1145 982
1146 983
1148 985
1149 986
1150 988
1152 990
1154 992
1156 993
1158 994
1159 1010
1160 995
1161 999
1162 996
1164 997
1165 998
1166 1000
1167 1001
1168 1002
1169 1008
1170 1005
1171 1006
1172 1007
1174 1009
1176 1011
1177 1012
1178 1013
1179 1021
1180 1014
1181 1019
1182 1017
1183 1018
1184 1020
1186 1022
1187 1023
1188 1025
1189 1122
1190 1026
1191 1032
1192 1027
1193 1030
1194 1028
1195 1029
1196 1031
1198 1033
1199 1034
1200 1035
1201 1041
1202 1036
1203 1037
1204 1038
1206 1039
1207 1040
1208 1042
1209 1148
1210 1045
1211 1050
1212 1047
1213 1048
1214 1049
1215 1053
1216 1051
1217 1052
1218 1054
1219 1101
1220 1056
1221 1062
1222 1057
1223 1060
1224 1058
1225 1059
1226 1061
1228 1063
1229 1064
1230 1065
1231 1071
1232 1066
1233 1067
1234 1068
1236 1069
1237 1070
1238 1072
1239 1150
1240 1073
1242 1074
1243 1075
1244 1076
1245 1077
1246 1078
1247 1079
1248 1080
1249 1081
1250 1082
1251 1105
1252 1084
1253 1093
1254 1085
1255 1091
1256 1086
1257 1089
1258 1087
1259 1088
1260 1090
1262 1092
1264 1094
1265 1095
1266 1096
1267 1099
1268 1097
1269 1098
1270 1100
1272 1102
1273 1103
1274 1104
1276 1106
1277 1119
1278 1107
1279 1115
1280 1109
1281 1110
1282 1111
1283 1112
1284 1114
1285 1164
1286 1116
1288 1117
1289 1118
1290 1120
1291 1121
1292 1123
1293 1160
1294 1125
1295 1126
1296 1128
1297 1199
1298 1130
1299 1139
1300 1131
1301 1137
1302 1132
1303 1135
1304 1133
1305 1134
1306 1136
1308 1138
1310 1140
1311 1141
1312 1142
1313 1145
1314 1143
1315 1144
1316 1146
1317 1198
1318 1147
1319 1158
1320 1149
1321 1153
1322 1151
1323 1152
1324 1154
1325 1155
1326 1156
1327 1157
1328 1159
1330 1161
1332 1162
1333 1163
1334 1165
1335 1166
1336 1167
1337 1192
1338 1168
1339 1169
1340 1171
1341 1196
1342 1172
1343 1182
1344 1174
1345 1180
1346 1175
1347 1178
1348 1176
1349 1177
1350 1179
1352 1181
1354 1183
1355 1184
1356 1185
1357 1188
1358 1186
1359 1187
1360 1189
1361 1195
1362 1190
1363 1191
1364 1193
1366 1194
1367 1207
1368 1197
1369 1202
1370 1200
1371 1201
1372 1203
1373 1204
1374 1205
1375 1206
1376 1208
1377 1214
1378 1210
1379 1211
1380 1213
1382 1215
