0 0
1 1
2 2
3 178
4 3
5 553
6 4
8 5
10 6
11 164
12 7
14 8
16 9
18 10
19 167
20 11
21 185
22 12
23 184
24 13
26 14
28 15
30 16
31 209
32 17
33 208
34 18
35 211
36 19
37 261
38 20
39 220
40 21
41 222
42 22
44 23
46 24
47 243
48 25
49 291
50 26
51 268
52 27
53 267
54 28
55 271
56 29
58 30
59 305
60 31
61 316
62 32
63 315
64 33
65 319
66 34
67 318
68 35
69 328
70 36
71 330
72 37
74 38
75 333
76 39
77 369
78 40
80 41
81 352
82 42
84 43
85 364
86 44
88 45
89 381
90 46
91 377
92 47
93 376
94 48
95 406
96 49
98 50
99 390
100 51
101 441
102 52
103 393
104 53
106 54
107 399
108 55
109 396
110 56
111 412
112 57
114 58
115 415
116 59
118 60
119 455
120 61
121 437
122 62
124 63
125 439
126 64
127 450
128 65
130 66
131 458
132 67
134 68
136 69
137 484
138 70
140 71
141 512
142 72
144 73
145 499
146 74
147 498
148 75
150 76
152 77
153 528
154 78
156 79
157 536
158 80
159 583
160 81
161 581
162 82
163 607
164 83
165 604
166 84
168 85
170 86
171 598
172 87
174 88
175 658
176 89
177 655
178 90
179 654
180 91
181 681
182 92
183 704
184 93
185 702
186 94
187 701
188 95
189 720
190 96
191 738
192 97
194 98
195 780
196 99
197 779
198 100
199 783
200 101
201 782
202 102
204 103
206 104
207 800
208 105
210 106
212 107
213 834
214 108
215 833
216 109
218 110
219 867
220 111
221 864
222 112
223 863
224 113
225 897
226 114
227 896
228 115
229 899
230 116
232 117
233 955
234 118
235 954
236 119
237 958
238 120
239 957
240 121
242 122
243 1015
244 123
245 1014
246 124
248 125
250 126
252 127
253 1055
254 128
255 1054
256 129
258 130
259 1057
260 131
261 1066
262 132
264 133
266 134
267 1094
268 135
270 136
271 1124
272 137
274 138
275 1119
276 139
277 1138
278 140
280 141
281 1135
282 142
283 1140
284 143
286 144
287 1179
288 145
290 146
291 1181
292 147
294 148
295 1186
296 149
298 150
299 1196
300 151
301 1232
302 152
304 153
305 1235
306 154
307 1234
308 155
309 1239
310 156
311 1246
312 157
314 158
315 1271
316 159
317 1267
318 160
319 1266
320 161
322 162
324 163
325 174
326 165
327 172
328 166
329 170
330 168
331 169
332 171
334 173
336 175
337 176
338 177
339 181
340 179
341 180
342 182
343 1027
344 183
345 188
346 186
347 187
348 189
349 1026
350 190
351 1035
352 191
353 197
354 192
355 195
356 193
357 194
358 196
360 198
362 199
363 200
364 201
365 203
366 202
367 206
368 204
369 205
370 207
371 1002
372 210
373 214
374 212
375 213
376 215
377 218
378 216
379 217
380 219
381 240
382 221
383 228
384 223
385 226
386 224
387 225
388 227
390 229
391 230
392 231
393 237
394 232
395 233
396 234
398 235
399 236
400 238
401 239
402 241
403 286
404 242
405 265
406 244
407 253
408 245
409 251
410 246
411 249
412 247
413 248
414 250
416 252
418 254
419 256
420 255
421 259
422 257
423 258
424 260
425 277
426 262
427 263
428 264
430 266
431 283
432 269
433 290
434 270
435 273
436 272
438 274
439 275
440 276
441 280
442 278
443 279
444 281
445 282
446 284
447 285
448 287
449 288
450 289
452 292
453 293
454 294
455 942
456 295
457 301
458 296
459 299
460 297
461 298
462 300
464 302
465 303
466 304
467 312
468 306
469 307
470 308
471 309
472 310
473 311
474 313
475 941
476 314
477 950
478 317
479 322
480 320
481 321
482 323
483 326
484 324
485 325
486 327
487 349
488 329
489 340
490 331
491 338
492 332
493 336
494 334
495 335
496 337
498 339
500 341
501 343
502 342
503 346
504 344
505 345
506 347
507 348
508 350
509 777
510 351
511 358
512 353
513 356
514 354
515 355
516 357
518 359
519 362
520 360
522 361
523 374
524 363
525 367
526 365
527 366
528 368
529 372
530 370
531 371
532 373
534 375
535 386
536 378
537 380
538 379
539 384
540 382
541 383
542 385
543 744
544 387
545 635
546 388
547 389
548 391
549 395
550 392
551 403
552 394
553 401
554 397
555 398
556 400
558 402
560 404
561 405
562 407
563 410
564 408
565 409
566 411
567 435
568 413
569 424
570 414
571 421
572 416
573 419
574 417
575 418
576 420
578 422
579 426
580 423
582 425
583 432
584 427
585 430
586 428
587 429
588 431
590 433
591 434
592 436
593 596
594 438
595 446
596 440
597 444
598 442
599 443
600 445
602 447
603 452
604 448
605 449
606 451
608 453
609 454
610 456
611 480
612 457
613 464
614 459
615 462
616 460
617 461
618 463
620 465
621 471
622 466
624 467
625 468
626 469
627 476
628 470
629 474
630 472
631 473
632 475
634 477
635 479
636 478
637 571
638 481
639 568
640 482
641 493
642 483
643 490
644 485
645 488
646 486
647 487
648 489
650 491
651 519
652 492
654 494
655 525
656 495
657 496
658 497
659 509
660 500
661 504
662 501
663 502
664 503
666 505
668 506
669 507
670 508
672 510
673 511
674 513
675 516
676 514
677 515
678 517
680 518
681 522
682 520
683 521
684 523
686 524
688 526
689 560
690 527
691 530
692 529
693 533
694 531
695 532
696 534
697 559
698 535
699 565
700 537
701 549
702 538
703 544
704 539
705 542
706 540
707 541
708 543
710 545
711 546
712 547
713 548
714 550
716 551
718 552
719 556
720 554
721 555
722 557
724 558
726 561
727 562
728 563
729 564
730 566
731 567
732 569
733 570
734 572
736 573
737 576
738 574
739 575
740 577
742 578
743 579
744 580
746 582
748 584
749 585
750 586
751 587
752 588
753 591
754 589
755 590
756 592
757 593
758 594
759 595
760 597
761 618
762 599
764 600
766 601
768 602
769 603
770 605
771 606
772 608
773 611
774 609
775 610
776 612
777 615
778 613
779 614
780 616
781 617
782 619
783 630
784 620
786 621
787 628
788 622
789 623
790 624
791 625
792 626
793 627
794 629
796 631
797 632
798 633
799 634
800 636
802 637
803 643
804 638
805 641
806 639
807 640
808 642
810 644
812 645
813 646
814 647
815 648
816 649
817 652
818 650
819 651
820 653
821 699
822 656
823 657
824 659
825 661
826 660
827 715
828 662
829 691
830 663
832 664
833 667
834 665
835 666
836 668
837 671
838 669
840 670
841 685
842 672
843 679
844 673
845 674
846 675
847 676
848 677
849 678
850 680
852 682
853 683
854 684
856 686
857 693
858 687
859 688
860 689
861 690
862 692
864 694
865 695
866 696
867 697
868 698
870 700
871 711
872 703
873 706
874 705
875 709
876 707
877 708
878 710
880 712
881 757
882 713
883 714
884 716
885 717
886 718
887 766
888 719
889 764
890 721
891 727
892 722
893 725
894 723
895 724
896 726
898 728
899 729
900 730
901 736
902 731
903 732
904 733
906 734
907 735
908 737
909 742
910 739
911 740
912 741
913 768
914 743
915 762
916 745
917 752
918 746
919 747
920 748
921 749
922 750
923 751
924 753
925 754
926 755
927 756
928 758
929 759
930 760
931 761
932 763
934 765
936 767
937 774
938 769
939 772
940 770
941 771
942 773
944 775
945 776
946 778
947 894
948 781
949 786
950 784
951 785
952 787
953 790
954 788
955 789
956 791
957 811
958 792
959 798
960 793
961 796
962 794
963 795
964 797
966 799
968 801
969 802
970 803
971 805
972 804
973 808
974 806
975 807
976 809
977 810
978 812
979 860
980 813
981 819
982 814
983 817
984 815
985 816
986 818
988 820
989 825
990 821
992 822
993 823
994 824
995 831
996 826
997 829
998 827
999 828
1000 830
1002 832
1003 858
1004 835
1005 836
1006 837
1007 870
1008 838
1009 844
1010 839
1011 842
1012 840
1013 841
1014 843
1016 845
1017 846
1018 847
1019 853
1020 848
1021 849
1022 850
1024 851
1025 852
1026 854
1027 855
1028 856
1029 857
1030 859
1032 861
1034 862
1035 880
1036 865
1037 866
1038 868
1040 869
1042 871
1043 874
1044 872
1045 873
1046 875
1047 876
1048 877
1049 878
1050 879
1052 881
1053 937
1054 882
1056 883
1058 884
1059 885
1060 886
1061 935
1062 887
1063 891
1064 888
1066 889
1067 890
1068 892
1069 893
1070 895
1071 933
1072 898
1073 902
1074 900
1075 901
1076 903
1077 906
1078 904
1079 905
1080 907
1081 925
1082 908
1083 917
1084 909
1085 915
1086 910
1087 913
1088 911
1089 912
1090 914
1092 916
1094 918
1095 920
1096 919
1097 923
1098 921
1099 922
1100 924
1101 939
1102 926
1103 931
1104 927
1105 928
1106 929
1107 930
1108 932
1110 934
1112 936
1114 938
1115 947
1116 940
1117 945
1118 943
1119 944
1120 946
1122 948
1123 949
1124 951
1125 952
1126 953
1127 1000
1128 956
1129 961
1130 959
1131 960
1132 962
1133 965
1134 963
1135 964
1136 966
1137 985
1138 967
1139 976
1140 968
1141 974
1142 969
1143 972
1144 970
1145 971
1146 973
1148 975
1150 977
1151 979
1152 978
1153 982
1154 980
1155 981
1156 983
1157 984
1158 986
1159 998
1160 987
1161 990
1162 988
1163 989
1164 991
1165 995
1166 992
1167 993
1168 994
1170 996
1171 997
1172 999
1174 1001
1176 1003
1178 1004
1180 1005
1181 1021
1182 1006
1183 1010
1184 1007
1186 1008
1187 1009
1188 1011
1189 1012
1190 1013
1191 1019
1192 1016
1193 1017
1194 1018
1196 1020
1198 1022
1199 1023
1200 1024
1201 1032
1202 1025
1203 1030
1204 1028
1205 1029
1206 1031
1208 1033
1209 1034
1210 1036
1211 1133
1212 1037
1213 1043
1214 1038
1215 1041
1216 1039
1217 1040
1218 1042
1220 1044
1221 1045
1222 1046
1223 1052
1224 1047
1225 1048
1226 1049
1228 1050
1229 1051
1230 1053
1231 1159
1232 1056
1233 1061
1234 1058
1235 1059
1236 1060
1237 1064
1238 1062
1239 1063
1240 1065
1241 1112
1242 1067
1243 1073
1244 1068
1245 1071
1246 1069
1247 1070
1248 1072
1250 1074
1251 1075
1252 1076
1253 1082
1254 1077
1255 1078
1256 1079
1258 1080
1259 1081
1260 1083
1261 1161
1262 1084
1264 1085
1265 1086
1266 1087
1267 1088
1268 1089
1269 1090
1270 1091
1271 1092
1272 1093
1273 1116
1274 1095
1275 1104
1276 1096
1277 1102
1278 1097
1279 1100
1280 1098
1281 1099
1282 1101
1284 1103
1286 1105
1287 1106
1288 1107
1289 1110
1290 1108
1291 1109
1292 1111
1294 1113
1295 1114
1296 1115
1298 1117
1299 1130
1300 1118
1301 1126
1302 1120
1303 1121
1304 1122
1305 1123
1306 1125
1307 1175
1308 1127
1310 1128
1311 1129
1312 1131
1313 1132
1314 1134
1315 1171
1316 1136
1317 1137
1318 1139
1319 1222
1320 1141
1321 1150
1322 1142
1323 1148
1324 1143
1325 1146
1326 1144
1327 1145
1328 1147
1330 1149
1332 1151
1333 1152
1334 1153
1335 1156
1336 1154
1337 1155
1338 1157
1339 1221
1340 1158
1341 1169
1342 1160
1343 1164
1344 1162
1345 1163
1346 1165
1347 1166
1348 1167
1349 1168
1350 1170
1352 1172
1354 1173
1355 1174
1356 1176
1357 1177
1358 1178
1359 1215
1360 1180
1361 1184
1362 1182
1363 1183
1364 1185
1365 1189
1366 1187
1367 1188
1368 1190
1369 1193
1370 1191
1371 1192
1372 1194
1373 1219
1374 1195
1375 1205
1376 1197
1377 1203
1378 1198
1379 1201
1380 1199
1381 1200
1382 1202
1384 1204
1386 1206
1387 1207
1388 1208
1389 1211
1390 1209
1391 1210
1392 1212
1393 1218
1394 1213
1395 1214
1396 1216
1398 1217
1399 1230
1400 1220
1401 1225
1402 1223
1403 1224
1404 1226
1405 1227
1406 1228
1407 1229
1408 1231
1409 1298
1410 1233
1411 1244
1412 1236
1413 1237
1414 1238
1415 1241
1416 1240
1418 1242
1419 1243
1420 1245
1421 1302
1422 1247
1423 1256
1424 1248
1425 1254
1426 1249
1427 1252
1428 1250
1429 1251
1430 1253
1432 1255
1434 1257
1435 1259
1436 1258
1437 1262
1438 1260
1439 1261
1440 1263
1441 1264
1442 1265
1443 1296
1444 1268
1445 1269
1446 1270
1447 1274
1448 1272
1449 1273
1450 1275
1451 1300
1452 1276
1453 1285
1454 1277
1455 1283
1456 1278
1457 1281
1458 1279
1459 1280
1460 1282
1462 1284
1464 1286
1465 1288
1466 1287
1467 1291
1468 1289
1469 1290
1470 1292
1471 1293
1472 1294
1473 1295
1474 1297
1476 1299
1477 1308
1478 1301
1479 1306
1480 1303
1482 1304
1483 1305
1484 1307
1486 1309
