0 0
1 1
2 2
3 208
4 3
5 583
6 4
8 5
10 6
12 7
14 8
16 9
18 10
20 11
21 191
22 12
24 13
25 188
26 14
28 15
29 194
30 16
32 17
34 18
35 197
36 19
37 215
38 20
39 214
40 21
42 22
44 23
46 24
47 239
48 25
49 238
50 26
51 241
52 27
53 291
54 28
55 250
56 29
57 252
58 30
60 31
61 273
62 32
63 321
64 33
65 298
66 34
67 297
68 35
69 301
70 36
72 37
73 335
74 38
75 346
76 39
77 345
78 40
79 349
80 41
81 348
82 42
83 358
84 43
85 360
86 44
88 45
89 363
90 46
91 399
92 47
94 48
95 382
96 49
98 50
99 394
100 51
102 52
103 411
104 53
105 407
106 54
107 406
108 55
109 436
110 56
112 57
113 420
114 58
115 471
116 59
117 423
118 60
120 61
121 429
122 62
123 426
124 63
125 442
126 64
128 65
129 445
130 66
132 67
133 485
134 68
135 467
136 69
138 70
139 469
140 71
141 480
142 72
144 73
145 488
146 74
148 75
150 76
151 514
152 77
154 78
155 542
156 79
158 80
159 529
160 81
161 528
162 82
164 83
166 84
167 558
168 85
170 86
171 566
172 87
173 613
174 88
175 611
176 89
177 637
178 90
179 634
180 91
182 92
184 93
185 628
186 94
188 95
189 688
190 96
191 685
192 97
193 684
194 98
195 711
196 99
197 734
198 100
199 732
200 101
201 731
202 102
203 750
204 103
205 768
206 104
208 105
209 810
210 106
211 809
212 107
213 813
214 108
215 812
216 109
218 110
220 111
221 830
222 112
224 113
226 114
227 864
228 115
229 863
230 116
232 117
233 897
234 118
235 894
236 119
237 893
238 120
239 927
240 121
241 926
242 122
243 929
244 123
246 124
247 985
248 125
249 984
250 126
251 988
252 127
253 987
254 128
256 129
257 1045
258 130
259 1044
260 131
262 132
264 133
266 134
267 1085
268 135
269 1084
270 136
272 137
273 1087
274 138
275 1096
276 139
278 140
280 141
281 1124
282 142
284 143
285 1154
286 144
288 145
289 1149
290 146
291 1168
292 147
294 148
295 1165
296 149
297 1170
298 150
300 151
301 1209
302 152
304 153
305 1211
306 154
308 155
309 1216
310 156
312 157
313 1226
314 158
315 1262
316 159
318 160
319 1265
320 161
321 1264
322 162
323 1269
324 163
325 1276
326 164
327 1301
328 165
329 1297
330 166
331 1296
332 167
334 168
336 169
337 1345
338 170
339 176
340 171
341 174
342 172
343 173
344 175
346 177
347 178
348 179
349 186
350 180
351 181
352 182
353 183
354 184
355 185
356 187
358 189
359 190
360 192
361 1341
362 193
363 204
364 195
365 202
366 196
367 200
368 198
369 199
370 201
372 203
374 205
375 206
376 207
377 211
378 209
379 210
380 212
381 1057
382 213
383 218
384 216
385 217
386 219
387 1056
388 220
389 1065
390 221
391 227
392 222
393 225
394 223
395 224
396 226
398 228
400 229
401 230
402 231
403 233
404 232
405 236
406 234
407 235
408 237
409 1032
410 240
411 244
412 242
413 243
414 245
415 248
416 246
417 247
418 249
419 270
420 251
421 258
422 253
423 256
424 254
425 255
426 257
428 259
429 260
430 261
431 267
432 262
433 263
434 264
436 265
437 266
438 268
439 269
440 271
441 316
442 272
443 295
444 274
445 283
446 275
447 281
448 276
449 279
450 277
451 278
452 280
454 282
456 284
457 286
458 285
459 289
460 287
461 288
462 290
463 307
464 292
465 293
466 294
468 296
469 313
470 299
471 320
472 300
473 303
474 302
476 304
477 305
478 306
479 310
480 308
481 309
482 311
483 312
484 314
485 315
486 317
487 318
488 319
490 322
491 323
492 324
493 972
494 325
495 331
496 326
497 329
498 327
499 328
500 330
502 332
503 333
504 334
505 342
506 336
507 337
508 338
509 339
510 340
511 341
512 343
513 971
514 344
515 980
516 347
517 352
518 350
519 351
520 353
521 356
522 354
523 355
524 357
525 379
526 359
527 370
528 361
529 368
530 362
531 366
532 364
533 365
534 367
536 369
538 371
539 373
540 372
541 376
542 374
543 375
544 377
545 378
546 380
547 807
548 381
549 388
550 383
551 386
552 384
553 385
554 387
556 389
557 392
558 390
560 391
561 404
562 393
563 397
564 395
565 396
566 398
567 402
568 400
569 401
570 403
572 405
573 416
574 408
575 410
576 409
577 414
578 412
579 413
580 415
581 774
582 417
583 665
584 418
585 419
586 421
587 425
588 422
589 433
590 424
591 431
592 427
593 428
594 430
596 432
598 434
599 435
600 437
601 440
602 438
603 439
604 441
605 465
606 443
607 454
608 444
609 451
610 446
611 449
612 447
613 448
614 450
616 452
617 456
618 453
620 455
621 462
622 457
623 460
624 458
625 459
626 461
628 463
629 464
630 466
631 626
632 468
633 476
634 470
635 474
636 472
637 473
638 475
640 477
641 482
642 478
643 479
644 481
646 483
647 484
648 486
649 510
650 487
651 494
652 489
653 492
654 490
655 491
656 493
658 495
659 501
660 496
662 497
663 498
664 499
665 506
666 500
667 504
668 502
669 503
670 505
672 507
673 509
674 508
675 601
676 511
677 598
678 512
679 523
680 513
681 520
682 515
683 518
684 516
685 517
686 519
688 521
689 549
690 522
692 524
693 555
694 525
695 526
696 527
697 539
698 530
699 534
700 531
701 532
702 533
704 535
706 536
707 537
708 538
710 540
711 541
712 543
713 546
714 544
715 545
716 547
718 548
719 552
720 550
721 551
722 553
724 554
726 556
727 590
728 557
729 560
730 559
731 563
732 561
733 562
734 564
735 589
736 565
737 595
738 567
739 579
740 568
741 574
742 569
743 572
744 570
745 571
746 573
748 575
749 576
750 577
751 578
752 580
754 581
756 582
757 586
758 584
759 585
760 587
762 588
764 591
765 592
766 593
767 594
768 596
769 597
770 599
771 600
772 602
774 603
775 606
776 604
777 605
778 607
780 608
781 609
782 610
784 612
786 614
787 615
788 616
789 617
790 618
791 621
792 619
793 620
794 622
795 623
796 624
797 625
798 627
799 648
800 629
802 630
804 631
806 632
807 633
808 635
809 636
810 638
811 641
812 639
813 640
814 642
815 645
816 643
817 644
818 646
819 647
820 649
821 660
822 650
824 651
825 658
826 652
827 653
828 654
829 655
830 656
831 657
832 659
834 661
835 662
836 663
837 664
838 666
840 667
841 673
842 668
843 671
844 669
845 670
846 672
848 674
850 675
851 676
852 677
853 678
854 679
855 682
856 680
857 681
858 683
859 729
860 686
861 687
862 689
863 691
864 690
865 745
866 692
867 721
868 693
870 694
871 697
872 695
873 696
874 698
875 701
876 699
878 700
879 715
880 702
881 709
882 703
883 704
884 705
885 706
886 707
887 708
888 710
890 712
891 713
892 714
894 716
895 723
896 717
897 718
898 719
899 720
900 722
902 724
903 725
904 726
905 727
906 728
908 730
909 741
910 733
911 736
912 735
913 739
914 737
915 738
916 740
918 742
919 787
920 743
921 744
922 746
923 747
924 748
925 796
926 749
927 794
928 751
929 757
930 752
931 755
932 753
933 754
934 756
936 758
937 759
938 760
939 766
940 761
941 762
942 763
944 764
945 765
946 767
947 772
948 769
949 770
950 771
951 798
952 773
953 792
954 775
955 782
956 776
957 777
958 778
959 779
960 780
961 781
962 783
963 784
964 785
965 786
966 788
967 789
968 790
969 791
970 793
972 795
974 797
975 804
976 799
977 802
978 800
979 801
980 803
982 805
983 806
984 808
985 924
986 811
987 816
988 814
989 815
990 817
991 820
992 818
993 819
994 821
995 841
996 822
997 828
998 823
999 826
1000 824
1001 825
1002 827
1004 829
1006 831
1007 832
1008 833
1009 835
1010 834
1011 838
1012 836
1013 837
1014 839
1015 840
1016 842
1017 890
1018 843
1019 849
1020 844
1021 847
1022 845
1023 846
1024 848
1026 850
1027 855
1028 851
1030 852
1031 853
1032 854
1033 861
1034 856
1035 859
1036 857
1037 858
1038 860
1040 862
1041 888
1042 865
1043 866
1044 867
1045 900
1046 868
1047 874
1048 869
1049 872
1050 870
1051 871
1052 873
1054 875
1055 876
1056 877
1057 883
1058 878
1059 879
1060 880
1062 881
1063 882
1064 884
1065 885
1066 886
1067 887
1068 889
1070 891
1072 892
1073 910
1074 895
1075 896
1076 898
1078 899
1080 901
1081 904
1082 902
1083 903
1084 905
1085 906
1086 907
1087 908
1088 909
1090 911
1091 967
1092 912
1094 913
1096 914
1097 915
1098 916
1099 965
1100 917
1101 921
1102 918
1104 919
1105 920
1106 922
1107 923
1108 925
1109 963
1110 928
1111 932
1112 930
1113 931
1114 933
1115 936
1116 934
1117 935
1118 937
1119 955
1120 938
1121 947
1122 939
1123 945
1124 940
1125 943
1126 941
1127 942
1128 944
1130 946
1132 948
1133 950
1134 949
1135 953
1136 951
1137 952
1138 954
1139 969
1140 956
1141 961
1142 957
1143 958
1144 959
1145 960
1146 962
1148 964
1150 966
1152 968
1153 977
1154 970
1155 975
1156 973
1157 974
1158 976
1160 978
1161 979
1162 981
1163 982
1164 983
1165 1030
1166 986
1167 991
1168 989
1169 990
1170 992
1171 995
1172 993
1173 994
1174 996
1175 1015
1176 997
1177 1006
1178 998
1179 1004
1180 999
1181 1002
1182 1000
1183 1001
1184 1003
1186 1005
1188 1007
1189 1009
1190 1008
1191 1012
1192 1010
1193 1011
1194 1013
1195 1014
1196 1016
1197 1028
1198 1017
1199 1020
1200 1018
1201 1019
1202 1021
1203 1025
1204 1022
1205 1023
1206 1024
1208 1026
1209 1027
1210 1029
1212 1031
1214 1033
1216 1034
1218 1035
1219 1051
1220 1036
1221 1040
1222 1037
1224 1038
1225 1039
1226 1041
1227 1042
1228 1043
1229 1049
1230 1046
1231 1047
1232 1048
1234 1050
1236 1052
1237 1053
1238 1054
1239 1062
1240 1055
1241 1060
1242 1058
1243 1059
1244 1061
1246 1063
1247 1064
1248 1066
1249 1163
1250 1067
1251 1073
1252 1068
1253 1071
1254 1069
1255 1070
1256 1072
1258 1074
1259 1075
1260 1076
1261 1082
1262 1077
1263 1078
1264 1079
1266 1080
1267 1081
1268 1083
1269 1189
1270 1086
1271 1091
1272 1088
1273 1089
1274 1090
1275 1094
1276 1092
1277 1093
1278 1095
1279 1142
1280 1097
1281 1103
1282 1098
1283 1101
1284 1099
1285 1100
1286 1102
1288 1104
1289 1105
1290 1106
1291 1112
1292 1107
1293 1108
1294 1109
1296 1110
1297 1111
1298 1113
1299 1191
1300 1114
1302 1115
1303 1116
1304 1117
1305 1118
1306 1119
1307 1120
1308 1121
1309 1122
1310 1123
1311 1146
1312 1125
1313 1134
1314 1126
1315 1132
1316 1127
1317 1130
1318 1128
1319 1129
1320 1131
1322 1133
1324 1135
1325 1136
1326 1137
1327 1140
1328 1138
1329 1139
1330 1141
1332 1143
1333 1144
1334 1145
1336 1147
1337 1160
1338 1148
1339 1156
1340 1150
1341 1151
1342 1152
1343 1153
1344 1155
1345 1205
1346 1157
1348 1158
1349 1159
1350 1161
1351 1162
1352 1164
1353 1201
1354 1166
1355 1167
1356 1169
1357 1252
1358 1171
1359 1180
1360 1172
1361 1178
1362 1173
1363 1176
1364 1174
1365 1175
1366 1177
1368 1179
1370 1181
1371 1182
1372 1183
1373 1186
1374 1184
1375 1185
1376 1187
1377 1251
1378 1188
1379 1199
1380 1190
1381 1194
1382 1192
1383 1193
1384 1195
1385 1196
1386 1197
1387 1198
1388 1200
1390 1202
1392 1203
1393 1204
1394 1206
1395 1207
1396 1208
1397 1245
1398 1210
1399 1214
1400 1212
1401 1213
1402 1215
1403 1219
1404 1217
1405 1218
1406 1220
1407 1223
1408 1221
1409 1222
1410 1224
1411 1249
1412 1225
1413 1235
1414 1227
1415 1233
1416 1228
1417 1231
1418 1229
1419 1230
1420 1232
1422 1234
1424 1236
1425 1237
1426 1238
1427 1241
1428 1239
1429 1240
1430 1242
1431 1248
1432 1243
1433 1244
1434 1246
1436 1247
1437 1260
1438 1250
1439 1255
1440 1253
1441 1254
1442 1256
1443 1257
1444 1258
1445 1259
1446 1261
1447 1328
1448 1263
1449 1274
1450 1266
1451 1267
1452 1268
1453 1271
1454 1270
1456 1272
1457 1273
1458 1275
1459 1332
1460 1277
1461 1286
1462 1278
1463 1284
1464 1279
1465 1282
1466 1280
1467 1281
1468 1283
1470 1285
1472 1287
1473 1289
1474 1288
1475 1292
1476 1290
1477 1291
1478 1293
1479 1294
1480 1295
1481 1326
1482 1298
1483 1299
1484 1300
1485 1304
1486 1302
1487 1303
1488 1305
1489 1330
1490 1306
1491 1315
1492 1307
1493 1313
1494 1308
1495 1311
1496 1309
1497 1310
1498 1312
1500 1314
1502 1316
1503 1318
1504 1317
1505 1321
1506 1319
1507 1320
1508 1322
1509 1323
1510 1324
1511 1325
1512 1327
1514 1329
1515 1338
1516 1331
1517 1336
1518 1333
1520 1334
1521 1335
1522 1337
1524 1339
1525 1340
1526 1342
1527 1343
1528 1344
1529 1351
1530 1346
1531 1349
1532 1347
1533 1348
1534 1350
1536 1352
