0 0
1 1
2 2
3 175
4 3
6 4
7 191
8 5
9 632
10 6
11 177
12 7
14 8
16 9
18 10
20 11
22 12
24 13
25 200
26 14
27 197
28 15
29 196
30 16
31 203
32 17
33 205
34 18
35 202
36 19
38 20
40 21
42 22
44 23
45 244
46 24
48 25
49 247
50 26
51 264
52 27
53 263
54 28
56 29
58 30
60 31
61 288
62 32
63 287
64 33
65 290
66 34
67 340
68 35
69 299
70 36
71 301
72 37
74 38
75 322
76 39
77 370
78 40
79 347
80 41
81 346
82 42
83 350
84 43
86 44
87 384
88 45
89 395
90 46
91 394
92 47
93 398
94 48
95 397
96 49
97 407
98 50
99 409
100 51
102 52
103 412
104 53
105 448
106 54
108 55
109 431
110 56
112 57
113 443
114 58
116 59
117 460
118 60
119 456
120 61
121 455
122 62
123 485
124 63
126 64
127 469
128 65
129 520
130 66
131 472
132 67
134 68
135 478
136 69
137 475
138 70
139 491
140 71
142 72
143 494
144 73
146 74
147 534
148 75
149 516
150 76
152 77
153 518
154 78
155 529
156 79
158 80
159 537
160 81
162 82
164 83
165 563
166 84
168 85
169 591
170 86
172 87
173 578
174 88
175 577
176 89
178 90
180 91
181 607
182 92
184 93
185 615
186 94
187 662
188 95
189 660
190 96
191 686
192 97
193 683
194 98
196 99
198 100
199 677
200 101
202 102
203 737
204 103
205 734
206 104
207 733
208 105
209 760
210 106
211 783
212 107
213 781
214 108
215 780
216 109
217 799
218 110
219 817
220 111
222 112
223 859
224 113
225 858
226 114
227 862
228 115
229 861
230 116
232 117
234 118
235 879
236 119
238 120
240 121
241 913
242 122
243 912
244 123
246 124
247 946
248 125
249 943
250 126
251 942
252 127
253 976
254 128
255 975
256 129
257 978
258 130
260 131
261 1034
262 132
263 1033
264 133
265 1037
266 134
267 1036
268 135
270 136
271 1094
272 137
273 1093
274 138
276 139
278 140
280 141
281 1134
282 142
283 1133
284 143
286 144
287 1136
288 145
289 1145
290 146
292 147
294 148
295 1173
296 149
298 150
299 1203
300 151
302 152
303 1198
304 153
305 1217
306 154
308 155
309 1214
310 156
311 1219
312 157
314 158
315 1258
316 159
318 160
319 1260
320 161
322 162
323 1265
324 163
326 164
327 1275
328 165
329 1311
330 166
332 167
333 1314
334 168
335 1313
336 169
337 1318
338 170
339 1325
340 171
341 1350
342 172
343 1346
344 173
345 1345
346 174
348 176
349 219
350 178
351 187
352 179
353 185
354 180
355 183
356 181
357 182
358 184
360 186
362 188
363 189
364 190
365 194
366 192
367 193
368 195
369 216
370 198
371 199
372 201
373 211
374 204
375 239
376 206
377 207
378 208
379 210
380 209
381 214
382 212
383 213
384 215
385 1394
386 217
387 218
388 220
390 221
391 227
392 222
393 225
394 223
395 224
396 226
398 228
399 229
400 230
401 237
402 231
403 232
404 233
405 234
406 235
407 236
408 238
410 240
411 241
412 242
413 1390
414 243
415 254
416 245
417 252
418 246
419 250
420 248
421 249
422 251
424 253
426 255
427 256
428 257
429 260
430 258
431 259
432 261
433 1106
434 262
435 267
436 265
437 266
438 268
439 1105
440 269
441 1114
442 270
443 276
444 271
445 274
446 272
447 273
448 275
450 277
452 278
453 279
454 280
455 282
456 281
457 285
458 283
459 284
460 286
461 1081
462 289
463 293
464 291
465 292
466 294
467 297
468 295
469 296
470 298
471 319
472 300
473 307
474 302
475 305
476 303
477 304
478 306
480 308
481 309
482 310
483 316
484 311
485 312
486 313
488 314
489 315
490 317
491 318
492 320
493 365
494 321
495 344
496 323
497 332
498 324
499 330
500 325
501 328
502 326
503 327
504 329
506 331
508 333
509 335
510 334
511 338
512 336
513 337
514 339
515 356
516 341
517 342
518 343
520 345
521 362
522 348
523 369
524 349
525 352
526 351
528 353
529 354
530 355
531 359
532 357
533 358
534 360
535 361
536 363
537 364
538 366
539 367
540 368
542 371
543 372
544 373
545 1021
546 374
547 380
548 375
549 378
550 376
551 377
552 379
554 381
555 382
556 383
557 391
558 385
559 386
560 387
561 388
562 389
563 390
564 392
565 1020
566 393
567 1029
568 396
569 401
570 399
571 400
572 402
573 405
574 403
575 404
576 406
577 428
578 408
579 419
580 410
581 417
582 411
583 415
584 413
585 414
586 416
588 418
590 420
591 422
592 421
593 425
594 423
595 424
596 426
597 427
598 429
599 856
600 430
601 437
602 432
603 435
604 433
605 434
606 436
608 438
609 441
610 439
612 440
613 453
614 442
615 446
616 444
617 445
618 447
619 451
620 449
621 450
622 452
624 454
625 465
626 457
627 459
628 458
629 463
630 461
631 462
632 464
633 823
634 466
635 714
636 467
637 468
638 470
639 474
640 471
641 482
642 473
643 480
644 476
645 477
646 479
648 481
650 483
651 484
652 486
653 489
654 487
655 488
656 490
657 514
658 492
659 503
660 493
661 500
662 495
663 498
664 496
665 497
666 499
668 501
669 505
670 502
672 504
673 511
674 506
675 509
676 507
677 508
678 510
680 512
681 513
682 515
683 675
684 517
685 525
686 519
687 523
688 521
689 522
690 524
692 526
693 531
694 527
695 528
696 530
698 532
699 533
700 535
701 559
702 536
703 543
704 538
705 541
706 539
707 540
708 542
710 544
711 550
712 545
714 546
715 547
716 548
717 555
718 549
719 553
720 551
721 552
722 554
724 556
725 558
726 557
727 650
728 560
729 647
730 561
731 572
732 562
733 569
734 564
735 567
736 565
737 566
738 568
740 570
741 598
742 571
744 573
745 604
746 574
747 575
748 576
749 588
750 579
751 583
752 580
753 581
754 582
756 584
758 585
759 586
760 587
762 589
763 590
764 592
765 595
766 593
767 594
768 596
770 597
771 601
772 599
773 600
774 602
776 603
778 605
779 639
780 606
781 609
782 608
783 612
784 610
785 611
786 613
787 638
788 614
789 644
790 616
791 628
792 617
793 623
794 618
795 621
796 619
797 620
798 622
800 624
801 625
802 626
803 627
804 629
806 630
808 631
809 635
810 633
811 634
812 636
814 637
816 640
817 641
818 642
819 643
820 645
821 646
822 648
823 649
824 651
826 652
827 655
828 653
829 654
830 656
832 657
833 658
834 659
836 661
838 663
839 664
840 665
841 666
842 667
843 670
844 668
845 669
846 671
847 672
848 673
849 674
850 676
851 697
852 678
854 679
856 680
858 681
859 682
860 684
861 685
862 687
863 690
864 688
865 689
866 691
867 694
868 692
869 693
870 695
871 696
872 698
873 709
874 699
876 700
877 707
878 701
879 702
880 703
881 704
882 705
883 706
884 708
886 710
887 711
888 712
889 713
890 715
892 716
893 722
894 717
895 720
896 718
897 719
898 721
900 723
902 724
903 725
904 726
905 727
906 728
907 731
908 729
909 730
910 732
911 778
912 735
913 736
914 738
915 740
916 739
917 794
918 741
919 770
920 742
922 743
923 746
924 744
925 745
926 747
927 750
928 748
930 749
931 764
932 751
933 758
934 752
935 753
936 754
937 755
938 756
939 757
940 759
942 761
943 762
944 763
946 765
947 772
948 766
949 767
950 768
951 769
952 771
954 773
955 774
956 775
957 776
958 777
960 779
961 790
962 782
963 785
964 784
965 788
966 786
967 787
968 789
970 791
971 836
972 792
973 793
974 795
975 796
976 797
977 845
978 798
979 843
980 800
981 806
982 801
983 804
984 802
985 803
986 805
988 807
989 808
990 809
991 815
992 810
993 811
994 812
996 813
997 814
998 816
999 821
1000 818
1001 819
1002 820
1003 847
1004 822
1005 841
1006 824
1007 831
1008 825
1009 826
1010 827
1011 828
1012 829
1013 830
1014 832
1015 833
1016 834
1017 835
1018 837
1019 838
1020 839
1021 840
1022 842
1024 844
1026 846
1027 853
1028 848
1029 851
1030 849
1031 850
1032 852
1034 854
1035 855
1036 857
1037 973
1038 860
1039 865
1040 863
1041 864
1042 866
1043 869
1044 867
1045 868
1046 870
1047 890
1048 871
1049 877
1050 872
1051 875
1052 873
1053 874
1054 876
1056 878
1058 880
1059 881
1060 882
1061 884
1062 883
1063 887
1064 885
1065 886
1066 888
1067 889
1068 891
1069 939
1070 892
1071 898
1072 893
1073 896
1074 894
1075 895
1076 897
1078 899
1079 904
1080 900
1082 901
1083 902
1084 903
1085 910
1086 905
1087 908
1088 906
1089 907
1090 909
1092 911
1093 937
1094 914
1095 915
1096 916
1097 949
1098 917
1099 923
1100 918
1101 921
1102 919
1103 920
1104 922
1106 924
1107 925
1108 926
1109 932
1110 927
1111 928
1112 929
1114 930
1115 931
1116 933
1117 934
1118 935
1119 936
1120 938
1122 940
1124 941
1125 959
1126 944
1127 945
1128 947
1130 948
1132 950
1133 953
1134 951
1135 952
1136 954
1137 955
1138 956
1139 957
1140 958
1142 960
1143 1016
1144 961
1146 962
1148 963
1149 964
1150 965
1151 1014
1152 966
1153 970
1154 967
1156 968
1157 969
1158 971
1159 972
1160 974
1161 1012
1162 977
1163 981
1164 979
1165 980
1166 982
1167 985
1168 983
1169 984
1170 986
1171 1004
1172 987
1173 996
1174 988
1175 994
1176 989
1177 992
1178 990
1179 991
1180 993
1182 995
1184 997
1185 999
1186 998
1187 1002
1188 1000
1189 1001
1190 1003
1191 1018
1192 1005
1193 1010
1194 1006
1195 1007
1196 1008
1197 1009
1198 1011
1200 1013
1202 1015
1204 1017
1205 1026
1206 1019
1207 1024
1208 1022
1209 1023
1210 1025
1212 1027
1213 1028
1214 1030
1215 1031
1216 1032
1217 1079
1218 1035
1219 1040
1220 1038
1221 1039
1222 1041
1223 1044
1224 1042
1225 1043
1226 1045
1227 1064
1228 1046
1229 1055
1230 1047
1231 1053
1232 1048
1233 1051
1234 1049
1235 1050
1236 1052
1238 1054
1240 1056
1241 1058
1242 1057
1243 1061
1244 1059
1245 1060
1246 1062
1247 1063
1248 1065
1249 1077
1250 1066
1251 1069
1252 1067
1253 1068
1254 1070
1255 1074
1256 1071
1257 1072
1258 1073
1260 1075
1261 1076
1262 1078
1264 1080
1266 1082
1268 1083
1270 1084
1271 1100
1272 1085
1273 1089
1274 1086
1276 1087
1277 1088
1278 1090
1279 1091
1280 1092
1281 1098
1282 1095
1283 1096
1284 1097
1286 1099
1288 1101
1289 1102
1290 1103
1291 1111
1292 1104
1293 1109
1294 1107
1295 1108
1296 1110
1298 1112
1299 1113
1300 1115
1301 1212
1302 1116
1303 1122
1304 1117
1305 1120
1306 1118
1307 1119
1308 1121
1310 1123
1311 1124
1312 1125
1313 1131
1314 1126
1315 1127
1316 1128
1318 1129
1319 1130
1320 1132
1321 1238
1322 1135
1323 1140
1324 1137
1325 1138
1326 1139
1327 1143
1328 1141
1329 1142
1330 1144
1331 1191
1332 1146
1333 1152
1334 1147
1335 1150
1336 1148
1337 1149
1338 1151
1340 1153
1341 1154
1342 1155
1343 1161
1344 1156
1345 1157
1346 1158
1348 1159
1349 1160
1350 1162
1351 1240
1352 1163
1354 1164
1355 1165
1356 1166
1357 1167
1358 1168
1359 1169
1360 1170
1361 1171
1362 1172
1363 1195
1364 1174
1365 1183
1366 1175
1367 1181
1368 1176
1369 1179
1370 1177
1371 1178
1372 1180
1374 1182
1376 1184
1377 1185
1378 1186
1379 1189
1380 1187
1381 1188
1382 1190
1384 1192
1385 1193
1386 1194
1388 1196
1389 1209
1390 1197
1391 1205
1392 1199
1393 1200
1394 1201
1395 1202
1396 1204
1397 1254
1398 1206
1400 1207
1401 1208
1402 1210
1403 1211
1404 1213
1405 1250
1406 1215
1407 1216
1408 1218
1409 1301
1410 1220
1411 1229
1412 1221
1413 1227
1414 1222
1415 1225
1416 1223
1417 1224
1418 1226
1420 1228
1422 1230
1423 1231
1424 1232
1425 1235
1426 1233
1427 1234
1428 1236
1429 1300
1430 1237
1431 1248
1432 1239
1433 1243
1434 1241
1435 1242
1436 1244
1437 1245
1438 1246
1439 1247
1440 1249
1442 1251
1444 1252
1445 1253
1446 1255
1447 1256
1448 1257
1449 1294
1450 1259
1451 1263
1452 1261
1453 1262
1454 1264
1455 1268
1456 1266
1457 1267
1458 1269
1459 1272
1460 1270
1461 1271
1462 1273
1463 1298
1464 1274
1465 1284
1466 1276
1467 1282
1468 1277
1469 1280
1470 1278
1471 1279
1472 1281
1474 1283
1476 1285
1477 1286
1478 1287
1479 1290
1480 1288
1481 1289
1482 1291
1483 1297
1484 1292
1485 1293
1486 1295
1488 1296
1489 1309
1490 1299
1491 1304
1492 1302
1493 1303
1494 1305
1495 1306
1496 1307
1497 1308
1498 1310
1499 1377
1500 1312
1501 1323
1502 1315
1503 1316
1504 1317
1505 1320
1506 1319
1508 1321
1509 1322
1510 1324
1511 1381
1512 1326
1513 1335
1514 1327
1515 1333
1516 1328
1517 1331
1518 1329
1519 1330
1520 1332
1522 1334
1524 1336
1525 1338
1526 1337
1527 1341
1528 1339
1529 1340
1530 1342
1531 1343
1532 1344
1533 1375
1534 1347
1535 1348
1536 1349
1537 1353
1538 1351
1539 1352
1540 1354
1541 1379
1542 1355
1543 1364
1544 1356
1545 1362
1546 1357
1547 1360
1548 1358
1549 1359
1550 1361
1552 1363
1554 1365
1555 1367
1556 1366
1557 1370
1558 1368
1559 1369
1560 1371
1561 1372
1562 1373
1563 1374
1564 1376
1566 1378
1567 1387
1568 1380
1569 1385
1570 1382
1572 1383
1573 1384
1574 1386
1576 1388
1577 1389
1578 1391
1579 1392
1580 1393
1581 1400
1582 1395
1583 1398
1584 1396
1585 1397
1586 1399
1588 1401
1589 1402
1590 1403
